178 178 174 177 174 184 184 190 183 180 188 188 184 190 192 194 195 194 190 197 195 193 194 199 203 195 192 201 201 193 202 201 195 204 206 219 215 201 190 186 191 191 191 188 188 188 192 192 192 188 186 182 183 184 181 184 187 195 186 195 189 184 193 193 189 187 188 198 197 191 195 198 190 181 195 191 190 184 186 194 205 201 188 187 193 199 195 187 197 204 207 206 205 207 207 209 207 201 191 202 213
170 171 175 177 176 180 184 183 184 188 186 191 190 192 185 196 191 189 193 193 189 194 195 202 197 196 200 199 201 200 200 199 200 206 214 221 208 195 188 187 186 184 192 180 186 191 198 191 198 198 184 186 183 184 183 184 186 185 184 189 192 188 195 190 183 186 184 194 186 190 199 191 181 187 192 188 183 192 198 202 196 192 196 201 200 199 188 191 197 206 200 191 203 206 209 208 199 197 206 210 203
172 171 176 179 180 176 180 189 185 187 193 191 190 194 195 192 198 189 190 196 193 192 195 202 193 195 197 195 198 198 195 198 203 207 217 212 200 197 183 191 186 180 179 176 182 188 191 190 195 194 190 189 181 185 188 189 191 192 180 176 190 189 185 180 188 187 185 188 184 192 192 192 193 193 185 189 196 204 204 199 191 198 201 196 188 194 196 203 202 200 203 204 202 206 203 198 199 207 208 209 203
172 177 177 175 181 181 178 190 189 188 193 189 195 190 195 193 198 193 187 196 191 198 200 201 193 197 195 189 196 197 199 201 200 214 216 205 188 187 178 186 184 183 178 177 177 184 191 191 193 197 184 188 189 190 182 186 189 190 185 187 186 185 183 187 184 188 186 188 184 190 194 194 188 190 183 200 204 197 205 204 202 208 194 188 201 205 210 211 207 205 211 214 215 209 201 200 209 214 206 204 205
172 170 179 179 175 180 180 186 182 190 180 186 185 192 186 192 193 196 198 194 197 196 199 199 193 195 189 190 199 192 193 194 214 218 210 200 188 189 183 173 178 179 172 174 182 186 183 187 193 197 189 185 190 187 188 189 185 193 194 195 186 186 185 189 193 183 185 183 181 187 192 181 184 187 200 200 193 201 205 202 191 191 190 204 210 206 206 209 210 213 213 205 197 198 202 206 208 201 200 205 202
177 172 179 174 178 182 184 182 185 185 182 185 188 190 190 195 191 198 194 192 197 195 195 201 191 192 188 189 194 199 195 205 227 225 207 193 181 188 172 181 177 171 174 177 182 178 186 190 192 196 193 193 191 197 186 177 195 190 183 190 189 197 195 189 192 180 185 187 189 195 180 185 193 198 186 193 191 205 198 195 190 201 200 208 211 199 199 215 207 211 206 202 200 200 202 204 200 205 210 212 207
173 174 174 177 176 184 178 184 186 182 184 188 189 190 194 188 188 196 194 191 194 195 193 201 194 186 194 196 194 196 200 234 243 224 207 190 180 176 176 180 180 181 177 176 183 182 182 188 186 187 194 185 189 188 182 189 191 186 187 186 183 189 187 189 176 189 188 184 178 185 190 197 190 188 195 194 196 199 191 196 199 207 206 199 199 203 210 212 209 203 205 202 208 206 200 196 203 210 210 208 203
170 178 180 176 179 180 181 183 191 183 183 193 188 190 189 194 196 192 193 191 192 195 192 196 193 190 192 188 192 195 210 242 241 222 202 191 178 186 184 183 185 185 186 179 184 183 188 184 194 190 188 189 188 193 187 195 190 187 190 186 189 191 183 184 176 187 186 182 189 198 203 195 192 194 201 194 194 192 194 204 209 200 196 194 205 205 209 209 205 202 208 202 191 187 192 196 205 206 208 208 210
174 174 181 179 188 178 179 179 182 181 183 185 194 189 198 195 197 196 191 188 193 190 193 197 200 191 186 185 191 193 217 240 239 222 202 185 180 182 180 186 188 185 182 177 177 180 187 187 182 183 185 184 183 187 188 194 195 190 194 195 188 188 187 192 189 182 182 194 196 191 189 195 201 200 186 186 191 204 211 209 204 199 201 207 215 211 210 210 210 210 203 190 180 195 209 210 206 194 210 213 209
175 172 175 179 185 185 184 183 178 186 184 188 195 191 198 189 193 197 191 186 194 192 193 192 192 191 189 186 181 201 236 243 234 225 202 186 168 177 189 187 177 181 183 173 176 185 186 186 176 184 191 187 187 186 194 196 190 187 191 190 180 186 186 194 189 191 204 204 193 194 196 201 200 191 187 195 200 205 199 195 204 205 205 204 205 205 210 208 201 200 185 186 197 206 208 202 196 193 213 212 203
171 172 177 176 177 182 178 190 184 184 187 193 193 190 196 191 189 191 194 187 190 187 188 186 182 185 180 180 181 216 240 246 231 212 191 183 175 175 185 187 186 172 173 175 183 181 187 180 186 192 194 187 187 188 188 189 186 190 191 183 194 194 191 192 200 194 198 195 193 193 196 191 193 199 201 201 190 191 192 192 199 206 206 209 208 213 209 206 194 190 191 195 204 201 191 192 206 206 211 210 200
174 176 181 179 176 186 179 190 189 183 186 185 186 193 194 195 188 189 193 193 187 188 182 188 187 182 182 180 195 232 247 245 228 202 179 182 176 175 179 181 187 173 176 176 184 180 183 183 186 187 185 184 189 179 188 190 193 192 199 188 199 202 204 191 198 194 191 199 201 194 185 194 198 197 202 192 189 194 204 208 211 205 211 213 215 208 195 189 197 198 203 201 203 194 196 200 204 208 200 204 208
173 175 175 176 175 176 178 183 186 187 187 184 188 190 193 194 195 198 192 194 190 192 186 189 190 184 184 179 205 240 251 244 223 193 178 180 175 176 174 172 177 180 182 183 184 188 182 184 187 194 191 187 184 181 189 189 191 200 194 191 200 202 202 198 195 197 197 190 190 185 192 203 203 190 194 193 195 204 201 199 205 209 209 210 201 193 191 197 208 203 194 192 194 193 204 205 197 200 194 205 209
173 179 178 182 182 179 184 182 187 186 177 186 187 191 194 192 191 194 193 191 188 187 187 190 182 185 185 192 230 252 250 235 211 193 176 171 176 186 176 176 177 178 179 180 185 182 193 183 182 182 187 189 190 191 193 195 193 191 181 192 193 192 193 193 200 197 199 189 194 194 209 210 201 199 195 203 206 199 204 202 214 210 207 204 194 195 208 212 208 198 198 200 208 208 206 205 195 202 209 212 208
170 181 180 177 177 186 178 183 181 183 178 184 183 193 192 186 185 187 191 193 192 195 188 183 180 185 187 208 245 253 249 234 220 200 182 170 169 186 181 184 178 176 180 179 184 188 185 185 181 181 188 190 187 193 195 189 183 185 182 182 182 182 200 193 197 194 192 196 207 198 195 198 204 209 202 204 200 208 205 203 202 197 199 196 202 205 206 209 196 193 208 207 206 203 189 201 205 208 209 210 207
171 177 173 176 175 177 183 190 186 184 182 190 189 192 193 189 188 191 188 191 191 190 191 188 180 181 182 222 247 253 244 229 212 195 175 170 173 182 174 178 181 174 178 181 179 186 182 194 191 186 194 194 190 191 188 187 186 191 187 173 182 193 197 194 182 186 196 203 202 193 195 195 204 204 202 201 198 206 205 198 188 196 207 202 209 204 211 204 209 207 209 198 193 193 194 203 211 205 208 209 199
172 174 179 174 177 177 177 189 191 177 186 187 183 189 198 189 187 189 190 185 185 193 185 182 181 176 187 235 251 253 245 224 199 181 170 177 175 183 177 185 180 181 174 179 181 182 184 196 191 196 198 198 187 193 184 199 199 188 185 181 197 188 186 194 191 201 197 199 200 201 207 208 207 196 202 207 208 209 204 202 193 207 212 209 214 204 209 200 207 199 194 194 201 210 210 209 213 201 206 196 181
169 170 176 172 174 177 177 179 180 179 186 179 179 185 184 185 190 188 192 184 183 182 183 176 175 173 207 247 254 247 238 224 207 181 180 174 172 181 177 180 180 177 180 190 191 182 184 187 190 196 206 196 177 190 186 202 198 185 195 188 185 184 188 197 197 188 180 188 200 203 202 193 197 201 206 205 206 209 207 209 206 206 193 196 212 207 208 201 198 192 192 200 207 206 204 207 206 203 196 184 171
169 170 176 175 174 184 177 176 183 177 181 178 179 184 188 189 181 187 189 186 192 183 175 176 181 178 223 251 255 248 233 224 199 189 178 177 171 184 178 182 184 178 184 180 193 186 182 179 188 195 199 184 184 199 188 190 191 196 196 186 187 193 197 196 185 184 191 191 200 200 202 203 200 203 209 196 199 211 214 208 205 196 201 199 210 206 202 191 193 199 205 206 207 206 206 208 198 190 174 178 180
173 173 175 175 174 176 179 180 181 181 182 179 184 184 187 189 188 181 188 185 187 185 177 175 186 192 236 253 251 241 230 220 205 191 180 178 172 173 180 181 187 185 183 187 194 184 178 187 187 185 184 189 195 197 191 200 202 202 195 191 200 190 196 189 195 193 200 194 196 196 201 207 209 205 200 201 210 207 209 203 195 199 198 198 198 189 189 196 203 206 205 208 208 209 208 198 191 179 183 190 186
175 175 176 180 176 177 179 185 186 184 181 178 185 190 189 190 188 185 186 184 188 181 177 176 182 212 246 253 245 244 235 220 207 195 180 173 167 179 174 179 180 180 179 186 191 185 185 181 173 185 188 204 195 197 200 194 190 190 193 198 197 181 187 198 200 200 196 191 195 202 197 204 203 201 202 208 206 200 191 194 202 202 197 183 175 179 197 207 211 203 208 210 205 207 198 195 193 199 202 199 179
172 171 178 175 177 176 182 182 180 184 181 183 194 195 193 191 187 189 189 185 182 186 179 179 179 226 252 253 245 241 237 230 209 197 176 176 173 176 182 174 174 179 188 183 191 195 191 173 180 189 193 192 198 192 191 189 194 193 197 198 189 187 199 200 189 186 193 203 208 206 199 204 214 207 209 204 196 190 197 202 202 195 173 174 189 196 212 211 209 203 208 207 204 194 190 194 199 203 185 177 184
172 179 176 175 177 175 178 182 184 188 184 186 191 196 192 189 186 192 186 182 182 180 178 176 188 225 251 247 251 241 238 222 204 191 177 178 173 175 174 169 186 174 179 181 191 184 180 177 186 195 195 193 194 183 188 196 203 192 186 186 195 192 189 186 179 190 201 203 206 205 204 210 206 195 195 184 186 197 200 193 177 160 176 188 208 214 211 211 204 200 206 205 195 191 194 197 197 188 182 179 187
172 177 172 182 177 178 176 183 182 186 188 192 189 194 192 193 192 192 188 183 177 182 179 185 194 237 251 250 249 243 227 212 199 189 177 169 175 175 168 174 184 179 180 188 187 182 184 182 190 197 204 201 189 184 189 197 194 186 187 196 193 184 178 178 188 200 202 205 206 207 208 209 197 188 181 188 197 203 189 174 170 175 195 209 211 209 206 210 206 203 199 193 196 200 198 196 184 186 183 178 179
168 178 177 178 181 180 178 181 182 184 180 187 186 194 191 193 189 187 180 186 181 175 179 178 219 248 253 246 248 238 225 215 197 179 173 172 167 166 177 176 179 183 183 175 179 190 185 187 190 194 203 186 190 187 189 189 194 196 201 201 183 188 193 202 204 206 203 207 203 203 204 193 183 191 188 203 195 189 175 181 188 199 208 208 206 202 212 204 199 194 193 198 193 196 179 182 177 183 168 171 181
174 178 182 180 183 179 179 182 183 183 184 187 184 199 193 189 186 188 185 186 187 185 179 182 233 253 253 254 246 232 227 211 204 181 172 171 167 172 174 173 180 173 178 177 185 191 192 193 191 191 191 189 186 178 173 189 195 194 188 177 184 198 206 206 197 206 204 205 200 191 188 188 189 196 199 188 176 175 186 195 201 201 205 210 212 207 202 192 187 190 198 202 191 181 178 180 184 172 167 188 202
178 182 177 179 178 181 179 190 183 190 185 185 191 198 189 197 189 189 186 187 184 179 179 184 235 253 252 248 248 243 221 216 200 176 171 172 172 170 180 176 176 175 177 178 181 186 192 191 188 190 196 186 166 173 182 195 195 184 180 188 197 205 203 197 197 201 210 206 195 185 189 193 205 199 192 176 181 187 204 209 206 207 208 202 203 196 188 194 203 205 210 195 186 182 189 192 177 173 189 206 219
184 179 180 178 179 179 181 181 188 189 192 181 190 192 192 194 188 186 181 187 182 178 181 197 238 251 253 245 244 236 221 211 191 173 164 173 169 172 172 172 170 174 185 182 186 186 194 184 184 192 175 161 171 178 196 192 184 186 193 202 210 205 207 202 200 204 206 196 196 193 192 192 188 172 180 187 200 208 213 211 207 200 208 193 186 190 194 205 211 203 194 176 185 185 178 177 176 193 212 219 215
179 181 179 181 186 183 187 186 189 190 187 186 188 195 194 193 192 186 185 178 177 174 180 210 248 253 249 250 240 236 231 216 187 171 170 171 169 173 176 171 179 174 181 187 188 179 184 179 176 173 161 169 190 196 193 188 191 188 197 193 194 202 210 203 199 192 193 197 201 194 192 180 178 183 196 204 205 203 209 207 209 207 202 191 189 203 204 207 201 191 192 178 187 179 177 179 196 213 222 224 215
179 183 183 181 184 184 181 186 185 188 181 185 188 194 194 188 196 192 181 180 184 179 181 218 252 253 244 248 235 239 232 217 192 175 177 172 173 178 182 180 188 177 182 188 188 180 179 176 160 161 176 190 197 193 195 196 199 204 199 193 206 204 205 202 185 192 194 198 197 188 174 177 191 195 201 202 198 196 211 200 196 190 193 190 202 207 210 206 195 190 192 184 180 177 187 203 216 221 220 222 219
177 183 188 183 182 190 182 184 191 184 182 193 184 196 196 186 187 190 182 183 182 179 187 224 250 252 252 244 238 229 221 203 188 186 175 178 174 178 180 182 180 184 179 180 173 178 177 155 157 174 188 192 187 187 200 194 196 198 203 201 205 206 191 195 195 201 197 196 190 183 181 193 202 200 193 198 201 202 207 194 201 194 207 209 207 203 200 195 194 190 183 167 171 191 201 209 220 221 221 219 219
179 179 186 185 186 187 188 191 183 182 182 190 192 196 194 194 192 191 186 185 178 178 192 233 251 253 251 244 240 228 213 198 195 184 176 174 177 183 176 167 181 177 175 180 181 180 161 161 176 184 195 191 192 195 196 193 196 202 207 203 197 203 200 200 208 199 192 188 187 187 197 199 198 185 189 202 208 213 208 204 203 208 210 207 203 201 201 194 182 179 169 172 185 206 212 214 214 220 222 220 218
178 178 178 182 184 189 187 189 184 187 189 190 192 191 192 194 190 184 185 175 177 178 196 244 252 250 251 243 235 224 213 207 188 189 170 171 171 173 173 173 179 179 176 183 179 171 173 181 192 196 199 197 194 197 193 198 193 194 195 195 193 200 205 198 182 180 184 188 196 201 203 197 192 195 205 208 207 206 204 206 202 203 204 200 201 204 201 188 171 165 170 183 207 219 216 212 218 215 226 225 223
175 185 182 188 184 188 192 192 184 186 191 191 190 194 192 201 192 195 190 183 182 179 209 249 254 249 248 246 230 216 214 202 193 177 173 171 161 166 174 174 171 172 177 176 166 179 188 191 189 190 206 197 192 189 194 204 198 184 184 191 200 202 201 187 174 183 199 202 199 203 191 197 195 204 206 206 208 199 205 202 192 186 195 193 201 191 178 168 164 171 183 201 218 219 222 214 213 215 217 224 219
178 179 182 185 186 184 185 190 190 195 188 192 189 191 198 194 190 189 189 186 183 185 209 248 252 253 246 242 230 223 209 199 185 179 179 168 167 172 170 173 176 170 170 175 181 193 191 193 193 194 196 186 187 199 193 196 177 173 184 189 198 201 186 179 180 197 205 207 195 199 197 202 213 206 199 198 206 208 200 191 185 183 193 199 196 181 165 167 175 190 207 211 214 219 221 217 216 216 211 214 217
180 179 183 180 187 180 182 183 185 190 188 187 195 190 192 191 193 189 181 180 180 182 229 249 251 253 248 238 226 210 198 202 190 186 176 166 169 161 162 170 169 175 176 186 195 194 195 195 190 179 187 190 196 192 179 172 173 184 191 192 188 177 181 186 201 210 209 202 202 196 199 205 205 199 197 204 198 187 183 177 191 189 194 198 176 168 170 175 192 204 211 216 210 219 221 220 219 217 210 206 209
171 183 187 185 189 185 184 185 184 184 183 181 190 189 189 187 188 186 176 177 174 180 234 251 255 251 244 243 228 209 198 193 192 195 178 170 169 163 173 175 173 173 186 191 187 187 194 192 180 172 188 197 191 183 170 175 189 198 195 189 182 186 196 202 200 203 200 198 205 207 204 202 206 197 206 200 194 181 189 186 194 192 192 179 170 174 178 197 212 217 218 216 213 215 216 220 216 218 211 208 210
171 176 185 181 182 185 180 187 188 188 181 189 192 190 185 187 187 183 176 177 173 181 233 253 253 252 240 231 217 216 202 196 202 187 180 173 164 169 180 179 180 178 185 182 186 188 189 181 179 183 190 182 177 176 179 193 198 198 191 196 194 197 197 197 194 199 199 203 205 205 201 206 206 205 204 196 186 187 197 193 191 186 178 176 173 178 200 210 216 219 220 218 215 217 216 215 213 212 214 212 210
181 182 180 185 177 178 180 187 192 188 181 192 194 189 185 183 179 178 173 175 172 184 233 251 252 246 243 222 217 211 212 207 195 183 187 173 172 173 179 172 183 177 183 185 190 186 174 169 181 182 180 168 174 190 194 201 188 196 192 196 199 191 189 193 204 203 196 205 209 203 201 205 200 192 183 182 189 200 198 196 187 182 176 179 181 188 204 215 219 212 222 223 217 216 217 211 211 207 214 212 210
179 178 178 181 179 179 183 185 186 189 187 186 189 188 186 187 180 179 177 169 172 205 245 253 253 244 233 227 215 213 212 205 196 196 188 177 177 173 171 173 184 176 178 178 188 174 172 182 185 167 164 176 185 193 196 192 190 195 199 192 176 181 183 195 208 207 203 208 207 202 201 197 185 179 182 187 193 197 194 189 188 180 179 188 193 209 213 215 217 212 215 219 218 217 210 210 206 210 212 211 212
180 179 175 182 181 178 186 183 183 188 183 191 183 183 186 189 179 174 171 169 175 219 250 253 253 243 222 225 223 220 210 208 202 200 180 180 181 177 179 178 175 184 177 176 171 178 178 185 172 163 173 182 187 174 186 193 194 198 182 173 170 186 191 201 198 190 200 204 206 205 199 187 180 186 192 199 193 188 189 183 192 184 189 202 215 217 211 213 217 219 216 216 218 219 211 208 210 207 211 217 211
176 176 176 178 181 178 183 183 185 187 189 185 184 181 185 183 176 170 167 172 176 221 251 255 253 244 225 225 231 215 203 212 204 194 181 185 185 185 184 174 177 181 178 174 181 186 174 165 164 178 190 182 178 169 185 186 184 177 167 174 184 197 201 197 195 195 199 188 190 189 178 182 187 197 204 199 191 190 189 184 178 190 208 217 215 214 214 213 217 219 218 214 210 214 210 200 209 206 208 212 214
177 175 177 181 177 178 186 184 186 193 186 187 183 185 184 184 175 176 170 167 185 232 250 255 250 246 233 232 222 216 206 208 203 189 185 172 181 186 182 178 177 179 180 181 191 180 168 176 178 181 193 175 176 184 187 192 181 174 180 193 205 207 202 202 195 195 195 183 192 185 183 197 198 203 196 200 197 197 186 182 190 210 214 216 209 210 213 212 215 213 216 214 209 214 214 206 213 204 206 210 193
175 172 175 180 179 180 184 179 181 190 181 187 178 180 185 180 170 176 171 167 194 243 252 251 246 239 242 230 224 223 220 209 208 201 190 175 185 184 179 181 180 176 186 192 195 187 178 184 190 177 174 177 179 193 190 190 178 185 196 197 193 193 197 202 201 190 187 182 189 192 199 204 197 202 195 198 192 189 183 185 201 215 219 211 213 214 219 217 214 217 210 213 211 208 205 211 212 213 200 186 186
173 173 173 176 175 176 186 178 183 186 180 179 185 186 185 181 170 167 167 172 207 250 253 254 251 243 236 227 220 222 212 204 210 195 183 184 183 178 179 178 167 175 179 181 176 186 186 190 182 177 179 186 185 178 178 186 190 195 198 188 190 193 202 196 191 184 183 187 198 203 205 201 205 205 196 195 181 178 195 199 211 216 214 214 210 213 215 218 216 213 209 211 205 214 206 211 216 207 186 182 196
169 177 172 175 179 183 180 177 191 182 183 182 181 184 181 178 172 165 165 167 215 250 253 255 251 243 232 237 235 214 217 211 202 199 195 198 181 178 184 172 171 176 184 178 179 188 183 179 181 185 196 191 186 175 181 194 191 191 186 181 196 206 198 189 183 188 192 202 203 196 205 200 204 203 192 186 177 183 204 214 213 214 212 213 212 215 219 215 214 213 207 202 206 215 213 208 205 194 195 201 207
178 176 179 177 179 180 174 180 184 185 184 180 182 180 179 180 171 169 167 174 222 249 251 252 253 240 230 239 227 217 224 213 212 204 201 190 182 180 174 175 183 179 178 181 180 178 167 173 178 187 194 193 180 186 198 197 194 190 180 187 204 203 201 191 181 198 207 204 209 201 204 202 203 196 189 179 190 202 214 214 214 211 217 216 215 217 214 214 210 210 204 208 209 209 214 205 194 182 192 210 215
169 173 175 180 180 176 174 184 183 185 182 179 184 188 178 177 169 168 170 186 235 250 253 252 245 248 246 229 230 224 219 211 208 201 191 181 180 175 178 184 189 194 185 182 190 177 172 179 181 183 192 187 193 198 197 195 193 194 196 199 192 198 188 184 191 203 208 199 204 200 199 196 189 176 177 182 196 213 215 213 209 213 211 214 217 214 213 207 211 209 209 210 210 207 198 191 193 199 208 209 216
173 175 176 176 175 181 177 186 188 184 180 181 184 183 182 179 177 172 174 197 242 249 251 253 247 238 237 227 232 226 217 211 213 196 198 198 193 183 192 190 184 186 183 181 184 178 176 179 188 190 189 195 188 195 189 197 208 208 203 199 196 201 192 198 203 202 200 205 205 194 199 188 179 173 178 197 208 215 218 216 214 212 214 214 213 212 210 209 211 213 213 213 206 194 183 181 196 208 210 214 209
177 175 176 179 174 180 174 185 187 182 183 182 180 182 179 171 169 165 171 196 243 250 250 252 251 237 237 233 231 218 228 231 214 206 212 210 193 201 208 198 182 181 180 175 177 184 176 171 181 188 189 195 187 190 189 202 204 200 190 201 203 198 206 199 200 198 200 209 209 198 189 186 179 179 195 206 216 210 211 215 214 210 208 213 211 204 209 213 209 215 214 202 191 185 189 204 207 207 215 213 211
177 176 180 175 178 177 176 188 193 184 182 181 182 185 177 168 170 166 171 203 244 251 253 253 248 239 243 240 227 221 224 220 209 216 214 205 194 211 216 200 195 187 184 183 181 185 179 176 188 190 190 185 192 187 189 194 184 177 179 192 205 200 198 193 194 198 203 203 196 192 188 181 186 193 208 210 216 214 210 215 217 213 207 203 200 207 211 208 212 215 204 197 189 194 204 210 213 209 205 209 208
172 177 181 186 179 181 179 188 190 191 181 176 180 184 180 173 169 168 169 202 246 252 253 255 244 246 249 232 230 235 227 218 219 220 216 207 197 211 203 197 201 192 187 198 185 185 183 181 187 178 178 185 185 189 189 182 162 172 189 192 200 202 191 193 192 200 200 194 184 179 179 182 196 206 215 206 212 215 214 210 210 213 210 200 198 206 208 212 208 212 192 187 196 207 214 214 215 216 215 212 213
177 175 184 178 176 181 177 187 180 183 182 181 183 181 175 175 166 169 169 208 247 250 253 251 241 247 233 227 222 223 219 216 219 219 212 216 206 195 195 199 201 188 199 199 185 179 189 192 184 178 182 192 188 180 175 168 171 179 192 198 198 193 189 199 199 205 197 185 186 183 184 199 217 211 214 210 210 216 215 212 205 210 212 206 197 207 210 210 207 194 182 184 197 210 218 217 214 213 217 218 212
174 179 175 178 179 177 180 183 177 177 182 176 176 178 176 169 171 168 173 214 247 251 252 249 252 238 234 237 227 215 228 223 214 207 215 214 198 202 210 211 205 197 191 187 180 182 188 182 185 182 190 191 185 183 178 181 188 189 189 193 199 189 190 190 194 185 187 177 173 179 193 202 216 215 208 211 213 215 213 212 207 203 210 212 207 204 213 202 187 173 183 194 209 216 218 215 214 215 215 216 212
175 178 177 175 183 176 182 177 183 178 183 183 178 183 175 173 169 166 175 224 247 251 252 251 247 244 241 233 219 216 221 219 211 222 225 219 203 218 224 213 212 206 185 184 189 181 179 176 178 187 186 182 178 182 187 195 188 181 182 197 206 197 195 179 173 170 181 179 185 197 212 208 213 218 210 210 215 215 211 209 211 208 205 209 216 211 188 173 182 185 198 216 208 219 215 210 209 212 214 214 216
179 181 174 179 183 178 185 185 177 177 181 178 179 178 176 176 169 167 168 222 247 250 253 251 239 245 243 231 234 237 227 212 211 218 221 219 211 213 211 211 217 201 186 193 191 186 191 176 178 187 175 173 177 190 198 195 187 186 188 199 209 201 192 174 168 172 179 185 202 215 214 213 211 213 214 213 212 214 209 206 213 213 212 210 206 201 182 170 188 193 207 213 215 216 213 208 212 212 210 214 209
174 181 177 177 175 174 179 178 177 177 178 183 178 180 179 170 163 165 165 210 248 251 252 250 246 245 237 233 243 244 230 228 228 212 218 229 225 220 213 211 207 194 192 193 196 192 192 184 176 165 161 175 184 189 182 181 183 192 200 198 198 191 179 179 177 175 185 192 207 220 214 210 210 206 214 213 208 211 211 207 210 215 206 206 183 182 181 180 195 211 211 214 216 218 214 212 208 209 211 208 212
174 180 176 176 177 174 182 183 178 183 182 181 181 187 182 176 161 164 166 216 247 250 249 244 247 237 239 242 239 226 234 239 235 219 219 228 229 214 223 219 213 200 191 195 204 201 193 180 172 160 167 185 189 190 178 184 186 203 202 197 201 196 187 179 171 183 203 210 214 212 213 212 213 209 206 209 203 202 212 206 210 215 199 183 170 179 189 198 212 215 214 212 214 219 216 214 212 207 214 210 202
175 178 178 175 176 178 182 183 175 186 180 178 179 181 181 166 163 161 163 218 249 250 249 252 241 236 237 238 229 229 224 236 221 220 225 222 216 211 223 220 211 215 209 207 202 198 188 172 160 171 178 179 178 176 177 192 197 200 188 191 194 190 188 168 182 195 207 215 217 211 209 215 215 213 201 205 208 203 210 204 210 208 190 183 175 182 200 209 214 215 215 214 215 220 216 216 209 208 197 206 209
175 176 174 177 172 178 178 180 179 182 177 175 176 175 175 163 166 160 160 219 247 252 253 246 244 249 243 227 226 234 234 223 214 223 227 219 220 217 221 211 217 220 217 209 203 188 180 168 171 178 173 171 160 174 182 197 197 186 189 190 190 190 180 180 198 208 214 205 214 212 209 215 211 210 206 203 208 209 209 209 203 185 169 184 188 192 204 214 215 213 213 216 214 220 216 213 213 196 204 204 208
169 176 173 180 180 180 176 176 177 179 179 180 178 173 173 165 162 157 165 225 248 253 248 246 244 246 238 230 231 238 226 232 232 235 223 222 222 220 212 211 221 222 209 205 198 189 177 175 175 179 167 157 164 183 194 193 185 190 191 186 185 182 184 195 210 211 207 208 206 206 216 212 207 211 205 207 208 208 211 201 187 181 176 183 193 198 209 212 214 210 211 217 215 213 212 209 211 208 200 204 209
173 174 174 181 182 180 183 183 182 179 183 173 181 171 172 170 156 162 173 231 249 252 244 242 246 236 233 242 241 229 226 240 240 226 221 221 226 207 217 224 223 211 203 202 195 178 180 184 176 168 167 170 177 187 184 181 182 192 187 168 164 181 203 214 215 210 213 212 205 207 207 209 207 205 208 209 209 205 207 187 168 184 193 182 202 209 214 210 211 213 214 212 216 215 204 206 208 206 207 201 205
173 174 176 177 178 178 182 175 183 172 169 170 171 172 170 163 158 159 172 232 248 248 250 253 240 242 235 239 234 229 224 233 227 217 226 231 221 206 224 223 212 215 210 205 187 185 182 182 173 168 180 184 187 189 180 183 184 184 173 174 177 200 216 211 211 209 216 213 208 207 196 210 206 205 208 209 206 192 175 173 178 188 195 199 206 216 210 211 206 210 212 211 212 215 209 201 205 211 208 209 201
175 178 178 174 176 176 181 168 179 172 178 172 172 166 167 160 161 156 182 240 250 252 252 247 233 243 246 232 225 237 238 226 217 222 232 230 222 218 219 212 210 221 221 201 182 196 190 183 173 178 181 183 188 191 188 191 186 189 168 181 202 211 216 213 207 210 209 210 209 204 201 203 206 204 209 203 201 174 175 186 189 191 195 202 210 212 214 213 209 210 205 212 208 210 211 205 206 208 217 212 205
178 180 180 172 180 180 178 175 177 172 176 169 171 167 166 163 165 164 192 244 250 252 247 243 246 242 239 233 233 234 228 218 226 230 221 216 224 220 207 196 214 220 211 200 197 199 199 184 174 188 182 179 182 190 185 185 174 187 186 201 209 213 212 212 214 210 213 204 205 202 200 196 199 208 203 193 168 177 192 199 199 205 204 213 211 213 212 215 213 212 213 208 208 210 210 208 207 206 206 208 205
177 182 180 174 174 176 179 179 179 176 172 170 169 169 168 162 160 160 198 247 250 250 242 240 246 239 230 237 242 232 222 211 234 229 218 218 220 215 204 215 222 215 209 208 208 205 199 193 188 181 182 181 178 187 178 179 176 206 215 210 215 211 213 210 208 211 212 209 201 201 202 206 199 208 199 183 175 196 201 188 195 204 215 211 213 209 214 214 213 210 205 207 205 208 213 202 212 207 202 186 195
175 171 179 177 175 174 175 177 173 176 172 176 174 170 167 164 156 163 197 246 251 246 247 247 245 242 241 245 243 234 234 225 229 221 234 233 227 212 219 228 223 219 220 219 209 205 205 204 197 184 186 183 183 176 169 174 188 199 203 210 213 219 211 205 207 211 208 205 197 202 201 211 203 191 171 175 185 195 200 189 205 214 213 214 213 210 214 214 215 212 209 204 205 207 210 204 193 197 199 187 194
172 172 176 176 177 174 176 174 176 179 180 170 175 165 172 156 156 159 212 247 245 250 252 248 234 242 247 243 232 231 237 235 221 218 231 235 220 220 220 224 212 223 222 215 199 207 217 206 191 181 184 177 176 168 171 180 205 209 202 195 208 212 215 204 206 201 207 197 205 205 207 203 191 180 173 184 196 193 196 208 209 211 214 211 216 210 215 211 213 215 206 203 210 213 202 203 194 183 192 194 206
175 169 177 180 179 176 178 176 177 180 173 171 172 166 167 162 158 161 223 248 251 253 248 244 242 247 247 232 239 238 240 229 226 233 232 222 226 231 229 215 218 221 218 206 201 205 207 191 184 189 188 179 167 167 181 195 214 217 214 203 198 203 211 212 200 202 201 203 209 205 206 199 177 176 188 192 192 191 202 212 208 211 210 213 212 214 217 213 212 209 211 209 207 209 201 177 182 185 198 210 210
173 171 170 170 171 177 174 177 173 179 171 169 169 168 161 162 157 157 225 249 251 250 245 247 251 246 237 231 240 241 234 227 229 234 226 223 224 229 218 217 230 230 225 220 219 216 204 187 185 194 187 166 163 180 209 213 216 213 214 206 196 198 203 208 199 199 199 209 201 204 195 176 177 192 194 193 194 207 217 214 211 202 207 209 208 211 215 212 207 204 208 202 202 197 186 179 188 201 196 211 215
174 174 176 174 169 175 176 171 177 174 174 169 168 169 164 153 155 156 215 247 253 248 248 253 249 237 238 246 248 238 236 241 243 231 230 236 231 213 212 218 226 229 227 227 227 217 198 197 190 188 176 164 178 198 210 215 215 215 208 206 201 193 197 199 207 196 200 202 209 183 174 182 188 194 201 195 203 215 213 216 209 207 204 207 207 209 211 208 208 206 204 210 194 189 191 195 197 205 204 204 213
175 174 174 179 173 178 175 178 176 179 172 174 169 162 162 157 157 163 222 247 251 249 253 252 243 241 245 251 238 227 233 239 231 224 222 233 232 215 223 227 224 221 224 226 227 217 213 211 202 179 174 173 194 208 202 200 213 212 209 208 207 197 191 198 197 204 206 206 192 171 175 184 195 196 192 198 209 216 215 208 208 212 211 210 214 211 210 211 206 204 198 192 187 193 198 205 201 193 202 202 210
177 172 181 177 180 174 178 180 178 175 176 175 169 161 157 154 151 161 225 247 249 251 250 247 241 249 252 241 233 242 241 234 225 235 236 229 222 223 230 231 221 228 235 231 221 211 220 214 188 175 179 179 195 210 206 197 197 206 205 203 209 203 193 197 199 206 204 199 179 168 182 198 194 191 201 211 217 217 213 209 208 210 213 207 209 207 212 209 210 197 178 182 199 199 203 207 206 199 200 207 210
180 179 175 176 175 176 181 182 174 173 175 171 173 164 161 150 146 156 216 247 248 252 242 249 249 250 242 235 237 247 237 224 225 242 236 226 229 241 231 221 221 226 236 224 226 226 219 200 179 185 184 192 194 196 206 205 198 195 200 204 203 201 204 203 210 202 203 177 166 179 184 195 197 200 204 212 216 214 218 209 208 210 209 212 210 208 210 205 202 184 185 182 201 207 199 202 206 208 205 206 207
179 177 174 172 172 176 180 176 177 173 170 165 170 170 160 156 153 157 210 247 250 247 249 253 255 246 239 245 247 241 229 232 236 233 225 222 233 237 219 226 232 237 226 222 237 233 217 195 190 203 201 195 197 207 201 199 201 195 196 199 199 206 206 199 202 197 182 166 182 192 187 188 195 208 214 212 213 211 211 210 209 208 211 207 212 206 203 198 188 186 203 197 192 207 201 201 203 207 204 208 204
174 177 175 180 179 183 174 179 177 178 172 172 170 165 157 154 154 162 216 246 247 248 251 253 245 244 249 252 241 228 226 234 234 226 231 234 230 219 216 225 236 225 224 224 235 233 216 204 196 202 206 204 187 191 200 196 204 204 197 197 196 205 208 194 189 165 170 171 182 197 197 197 208 218 210 213 206 212 211 213 212 203 207 207 207 208 183 178 176 200 202 206 195 198 206 201 203 207 211 209 203
180 174 175 176 184 182 175 181 181 182 170 171 170 168 161 157 157 158 214 246 247 248 249 243 241 246 251 244 236 242 242 236 227 224 238 237 220 222 229 232 223 217 231 232 230 221 218 216 207 194 192 196 192 186 194 196 185 198 201 194 198 198 206 199 177 167 170 181 187 188 196 210 216 216 214 206 213 208 205 205 209 206 207 207 197 197 181 180 190 202 204 202 202 197 205 207 205 208 209 211 190
178 179 182 180 179 185 178 180 185 174 176 168 169 165 159 155 156 158 208 247 248 252 246 246 252 255 247 241 240 249 248 235 237 237 236 221 208 226 233 219 214 220 233 231 225 219 226 221 209 200 185 193 203 195 195 190 188 192 198 198 198 204 193 181 170 173 186 190 186 192 200 216 213 214 208 212 211 210 208 204 203 205 205 194 178 180 181 195 200 194 206 196 201 201 201 200 208 198 202 204 196
180 175 178 177 180 179 176 184 182 173 169 174 165 163 160 156 159 155 204 246 249 249 247 251 254 251 239 240 251 250 238 230 238 243 227 227 229 229 215 205 223 228 231 218 226 234 230 210 190 190 193 181 186 200 194 188 194 188 193 198 204 195 181 164 165 183 197 194 193 208 212 211 214 212 208 210 207 206 207 198 205 203 204 180 178 188 204 199 206 201 200 204 200 204 203 199 199 196 193 200 195
180 174 176 177 174 179 189 188 182 175 171 172 170 170 165 159 152 156 204 245 245 245 250 253 248 242 249 252 251 244 242 243 246 239 229 233 228 214 208 208 223 226 215 217 239 241 218 200 182 178 185 188 182 198 202 189 193 193 190 201 195 184 156 168 176 186 188 193 197 212 211 209 210 212 205 208 207 203 209 207 199 199 179 187 189 199 202 197 205 202 198 205 208 201 207 192 188 197 200 194 206
181 178 182 172 179 180 185 189 186 172 174 172 179 176 167 166 156 154 196 242 247 249 252 254 245 246 252 249 242 243 244 249 241 239 243 234 217 207 220 223 219 200 218 225 234 220 196 181 180 186 185 187 194 184 198 198 197 202 197 194 181 159 159 176 189 189 195 200 210 205 206 211 212 206 205 212 210 211 207 197 191 177 179 190 202 201 199 184 200 208 202 204 202 207 198 193 193 194 199 208 209
174 178 177 172 180 178 179 184 183 176 176 175 178 174 167 165 155 157 180 235 246 249 253 245 249 251 249 238 240 250 254 244 235 236 241 225 218 208 217 217 199 194 232 231 225 206 191 176 172 181 182 186 195 186 189 203 197 198 195 184 161 163 174 186 190 189 200 206 213 214 205 203 209 205 200 211 211 207 210 196 183 184 202 203 204 199 200 183 190 201 210 209 202 206 200 192 191 184 200 209 207
182 181 176 174 180 177 178 186 181 173 172 173 173 174 167 163 156 157 167 225 246 249 250 250 254 254 241 246 252 255 247 241 244 241 229 230 227 224 215 198 203 214 221 213 217 196 188 186 181 182 188 180 185 185 186 204 196 194 183 166 164 177 177 195 193 193 209 215 209 209 211 202 212 206 206 204 208 206 198 176 185 197 204 209 203 199 205 206 184 199 205 205 202 201 201 200 191 195 212 210 213
175 179 181 175 181 182 182 178 178 182 174 174 172 172 169 161 161 156 166 212 242 246 248 252 253 245 242 249 255 248 243 244 248 234 232 230 220 206 204 192 204 216 199 206 208 198 193 195 193 185 190 189 182 183 184 190 204 189 172 163 175 182 180 188 192 200 211 215 213 198 208 210 206 204 207 201 197 196 180 184 192 203 205 203 203 205 203 208 197 195 201 197 200 201 198 193 197 203 210 212 211
176 176 181 181 176 181 176 175 182 177 174 172 176 171 175 162 155 159 154 193 240 248 250 252 247 246 251 255 250 241 254 252 242 234 237 238 214 202 207 196 192 186 186 201 211 204 190 194 197 197 190 195 185 179 190 184 178 177 171 173 188 194 190 195 209 208 211 211 211 212 210 213 208 203 208 203 192 178 178 191 196 199 201 199 207 205 205 204 207 198 193 194 191 201 193 193 207 212 212 205 207
177 177 181 183 179 178 174 181 177 173 172 173 175 170 173 160 159 159 154 184 238 248 251 250 250 251 253 249 247 250 255 250 242 240 243 230 215 206 211 203 195 190 216 211 209 220 204 198 192 197 199 198 189 182 185 189 178 171 173 180 187 193 199 206 215 214 210 208 204 212 206 201 200 205 197 194 179 186 188 196 199 199 204 201 204 207 200 205 206 200 204 191 188 193 203 201 210 209 209 212 205
179 175 178 181 179 178 174 182 175 173 171 173 172 168 168 159 160 164 157 178 235 247 247 249 252 254 250 243 247 255 247 240 243 243 235 227 223 213 208 198 188 205 218 219 203 211 222 208 202 190 198 207 197 189 179 165 163 165 173 185 186 192 201 204 206 212 216 211 207 208 206 202 195 198 187 178 179 193 200 198 198 202 203 206 201 204 204 199 201 197 197 201 193 197 201 202 205 207 210 213 207
171 176 182 180 179 178 179 175 176 174 178 172 173 168 166 161 159 155 152 167 220 247 248 252 254 249 242 247 254 251 248 247 247 235 227 229 225 212 198 190 195 213 225 221 221 205 224 217 202 197 197 204 202 180 176 170 165 176 190 185 191 197 210 211 206 204 210 212 206 209 201 202 196 191 178 187 192 200 202 200 197 202 202 206 200 190 199 193 191 201 191 197 199 204 208 213 212 207 213 215 211
174 180 185 179 174 174 178 177 174 174 175 173 181 175 170 165 156 158 154 154 199 244 248 255 248 246 249 253 248 246 250 255 246 243 233 234 221 210 207 209 221 216 217 225 216 207 204 222 211 198 202 190 188 177 174 172 180 180 189 198 200 210 206 215 211 202 207 211 215 204 203 197 191 185 179 190 204 199 201 200 199 197 207 200 198 193 193 197 202 190 196 194 202 212 212 207 208 210 210 211 206
175 177 177 180 177 182 179 179 174 178 170 172 177 172 168 163 157 154 151 154 188 240 248 249 246 250 253 249 244 248 253 250 240 236 240 227 211 218 218 215 223 217 208 215 224 207 196 212 217 204 201 192 181 167 167 174 179 185 182 196 202 209 204 205 208 203 205 209 209 204 200 191 184 181 187 196 200 200 194 198 206 204 206 206 199 203 195 200 197 199 196 202 211 213 214 212 208 208 213 210 201
168 173 176 171 179 171 175 176 176 179 170 176 174 177 170 167 165 157 151 158 169 230 248 250 249 253 247 240 248 253 251 243 247 245 227 227 223 220 223 216 209 209 212 205 216 221 212 205 216 208 199 186 170 161 171 184 184 187 191 205 211 208 209 203 204 208 207 201 203 201 197 191 177 188 199 198 197 199 196 195 201 203 206 204 201 193 186 198 196 199 201 213 208 210 213 201 209 206 208 209 201
177 175 173 176 176 176 180 182 178 177 176 173 176 179 170 165 168 164 156 150 154 210 245 248 252 251 245 247 253 246 244 246 249 240 226 230 235 227 213 205 205 192 218 219 210 225 221 211 204 202 202 187 165 168 178 184 187 185 191 213 211 210 211 205 199 208 208 204 195 193 189 181 187 190 195 199 200 202 203 196 201 203 202 205 201 194 192 189 192 193 202 210 210 209 205 201 205 206 208 205 202
176 175 173 174 178 179 181 182 181 184 174 172 177 175 174 168 163 162 158 151 151 193 240 249 252 248 248 252 250 240 242 252 241 238 243 241 230 215 208 191 197 202 214 217 212 220 227 223 201 183 193 169 159 185 189 191 187 196 202 203 213 209 206 213 207 204 208 199 186 167 170 179 191 204 198 197 190 200 207 203 198 204 195 203 201 189 189 190 197 202 213 209 208 213 211 204 214 209 204 206 204
172 176 172 176 174 176 184 183 183 179 177 174 177 177 174 172 158 165 159 152 152 175 226 249 249 248 251 251 238 244 252 248 242 242 247 237 223 223 213 197 189 207 219 222 213 200 214 222 212 181 171 168 170 180 194 194 200 208 211 205 200 212 208 208 210 202 200 198 181 171 176 194 190 197 194 207 197 199 206 202 201 201 202 197 196 194 188 187 208 213 209 207 208 205 213 210 209 210 210 208 205
170 172 173 173 170 176 173 182 178 177 182 178 178 179 173 169 163 163 158 158 154 155 210 246 248 251 246 246 248 252 247 238 245 255 247 230 233 231 230 211 194 201 214 224 220 209 203 213 212 192 173 177 181 188 195 203 212 215 209 209 208 206 212 206 202 202 198 187 175 178 180 204 197 191 203 201 203 197 205 201 185 188 203 199 194 183 185 197 203 212 210 203 202 200 210 209 213 210 214 213 205
174 170 173 175 170 174 169 174 177 181 182 172 181 179 174 172 169 165 159 152 159 158 190 240 247 249 247 246 254 250 240 245 251 250 241 234 235 225 225 229 219 201 204 218 230 214 204 201 197 183 180 186 185 188 195 200 211 209 212 209 211 209 205 207 187 186 182 171 174 195 194 197 204 192 200 201 200 204 200 203 195 187 190 195 190 184 163 169 191 194 191 194 198 207 212 205 213 214 214 212 214
170 174 174 176 170 176 180 173 173 179 181 176 177 176 179 177 171 163 163 155 155 159 181 233 248 248 250 252 246 245 243 251 248 240 246 252 247 225 222 228 232 217 209 218 228 221 210 192 175 167 174 184 192 189 195 205 210 211 210 207 212 213 203 198 191 173 171 169 187 193 206 191 203 196 196 202 196 203 202 198 201 195 190 184 184 184 178 166 170 173 152 145 155 176 192 201 208 212 218 217 210
175 179 176 174 175 169 173 176 175 176 175 179 181 176 176 177 168 166 170 159 155 156 168 228 246 247 252 248 243 248 252 252 244 245 248 253 233 231 220 221 235 232 214 220 226 230 209 184 170 171 181 187 199 199 201 210 205 209 207 202 212 211 204 195 175 165 169 174 194 195 201 205 196 206 195 194 197 195 198 197 197 186 192 187 186 197 201 203 194 183 167 161 154 144 140 148 184 199 208 211 205
174 173 176 176 172 168 177 179 180 181 174 183 183 180 176 176 175 165 167 169 158 155 160 216 240 247 251 241 251 252 254 242 243 252 253 241 227 231 230 222 228 232 228 214 216 225 211 183 167 170 187 193 210 201 205 208 210 210 212 206 203 213 202 184 170 171 179 186 191 199 197 206 200 200 200 189 183 186 192 196 198 188 193 188 200 206 214 211 209 214 211 196 183 164 152 136 136 150 185 195 200
173 167 173 172 172 175 172 179 181 188 179 181 191 177 174 176 174 171 169 163 161 157 160 184 222 244 245 246 252 254 246 242 248 253 245 230 224 225 236 239 226 232 231 219 211 214 207 183 172 179 190 204 201 195 202 209 205 207 205 208 205 202 193 186 172 190 190 191 191 201 202 201 203 198 191 187 182 183 191 192 197 192 185 194 203 215 213 215 219 214 211 203 199 191 182 157 153 137 140 146 170
175 169 174 174 171 174 171 180 184 181 185 189 189 189 182 179 183 172 175 168 157 161 159 156 200 234 245 248 254 245 247 249 251 245 235 231 226 225 234 240 233 218 232 225 200 184 180 166 168 185 198 207 196 197 191 195 204 210 208 203 198 191 183 175 179 189 201 196 199 195 206 200 193 196 189 182 184 191 196 196 193 192 193 201 210 212 215 211 210 217 206 186 180 169 179 164 169 160 146 129 127
