68 69 70 68 71 73 71 78 76 80 76 73 77 76 78 82 87 79 82 78 77 87 92 87 86 83 83 85 100 80 81 89 87 86 98 109 113 86 73 68 72 81 71 73 75 75 85 82 85 71 76 73 73 74 79 76 82 79 78 93 84 86 80 95 75 75 95 87 86 89 95 91 84 83 100 93 79 94 92 104 103 94 93 99 107 105 101 79 110 117 101 107 102 115 111 108 108 99 105 112 117
85 69 70 65 71 72 68 73 75 77 75 74 77 78 81 80 89 81 85 83 83 85 83 82 81 84 80 88 93 80 81 83 91 84 105 107 99 82 78 70 68 70 74 70 76 75 80 89 88 75 76 88 84 80 78 78 78 75 76 77 81 85 91 78 83 80 88 81 79 94 90 74 88 95 81 79 93 114 100 106 96 98 118 98 92 87 100 106 114 101 98 104 111 117 113 115 100 103 118 106 110
63 68 72 70 66 69 80 73 75 73 79 76 78 77 85 85 84 86 87 89 85 88 83 84 85 89 85 92 89 84 89 87 87 95 111 96 90 80 72 75 85 81 67 74 80 77 75 81 82 78 77 83 79 82 80 75 85 79 71 84 82 79 75 83 83 86 84 88 84 79 86 90 97 87 80 95 105 105 109 101 110 106 108 87 91 110 114 115 102 104 115 126 125 118 101 97 121 124 116 107 97
62 65 70 66 69 73 73 70 76 82 73 76 76 81 84 80 83 84 86 81 91 85 81 89 90 80 79 83 82 86 85 86 96 120 106 84 88 72 73 83 80 72 70 65 72 76 75 86 85 85 82 74 80 89 80 78 78 82 86 88 82 69 81 81 79 88 88 80 73 91 94 78 85 86 101 101 99 99 101 104 104 93 88 91 118 113 105 112 106 123 122 114 107 109 107 113 122 123 105 98 107
64 63 75 65 71 69 69 70 74 79 77 67 73 77 80 84 84 78 83 82 81 85 88 89 89 82 87 85 82 79 82 92 118 131 85 78 81 77 69 59 70 64 67 70 73 67 74 87 93 80 87 90 79 83 77 77 82 90 80 82 94 88 91 76 83 79 83 83 96 91 79 78 93 91 96 96 97 106 111 90 87 95 110 116 110 101 105 120 124 121 111 114 108 106 112 108 112 107 113 123 119
76 68 60 71 68 69 81 72 73 77 77 74 83 77 76 81 85 80 88 84 90 89 85 88 88 84 77 77 80 78 79 117 175 129 89 80 65 63 58 77 73 70 63 77 74 63 72 78 75 80 81 84 81 87 74 73 83 76 72 83 79 77 82 90 83 75 75 89 80 85 88 97 87 83 92 98 113 102 95 93 107 119 121 109 101 108 116 126 118 112 103 114 123 120 110 103 105 116 123 115 115
69 67 71 71 69 72 74 68 73 77 80 78 77 85 74 75 82 75 86 88 85 82 79 84 92 76 82 82 78 77 94 159 185 109 89 74 64 66 73 64 69 75 71 65 71 71 74 76 81 78 78 82 81 84 79 76 77 72 79 82 72 82 80 74 74 84 85 82 72 93 98 92 87 89 106 86 88 91 94 104 111 107 97 89 104 119 114 115 116 103 112 124 101 96 99 101 113 120 113 113 114
70 67 66 71 67 70 74 71 73 76 73 76 85 72 81 77 84 81 80 88 79 78 81 79 79 76 78 71 74 81 105 172 169 112 85 64 65 65 68 68 73 75 71 66 81 73 76 85 80 70 82 83 75 81 75 77 85 82 81 81 87 82 77 78 84 79 75 80 94 90 89 85 103 99 91 75 88 102 118 120 107 101 93 105 117 120 116 116 121 120 119 101 85 85 110 131 117 103 103 120 130
72 68 72 66 68 66 71 73 73 78 77 77 85 82 79 85 85 80 79 84 74 77 83 81 86 78 82 77 80 81 128 186 148 122 81 62 62 60 62 66 66 75 81 67 71 80 84 85 82 76 82 79 81 73 80 81 72 79 89 83 71 76 85 85 80 83 81 98 85 89 91 99 103 92 73 86 103 102 99 95 102 109 100 108 113 110 123 128 117 109 104 85 85 115 124 115 102 99 115 124 115
71 65 69 66 72 72 68 73 74 74 78 80 83 81 83 76 86 81 82 84 84 83 87 83 77 76 76 84 77 97 172 189 145 110 72 60 54 69 70 72 74 86 75 67 78 85 76 81 72 75 86 80 68 82 75 80 75 84 77 73 78 82 82 84 81 96 89 86 79 91 98 95 93 88 91 105 100 88 87 91 105 108 104 111 108 114 125 113 95 91 92 106 112 119 102 92 101 118 120 108 101
74 61 69 67 77 76 73 79 81 80 76 77 81 81 76 79 85 77 82 88 83 88 87 84 83 72 72 79 82 120 188 187 150 93 66 60 73 69 60 81 87 63 69 73 73 73 72 73 72 77 84 71 74 88 74 84 84 84 77 81 89 86 87 90 87 81 90 83 87 99 91 86 104 100 100 103 89 90 104 105 112 113 105 115 124 127 112 91 92 104 114 111 116 105 81 105 129 123 114 104 109
66 72 67 76 76 76 78 80 73 78 73 73 82 76 75 77 81 72 81 80 86 79 76 74 71 68 72 78 86 149 198 175 145 81 62 74 62 60 66 68 65 71 79 80 74 80 73 78 80 75 74 83 67 70 78 86 79 82 81 79 85 99 93 92 91 85 84 98 89 87 87 94 97 98 82 89 99 109 102 103 108 110 117 112 117 107 93 94 112 109 96 101 99 101 107 123 113 101 101 105 116
72 72 72 79 80 73 69 72 75 80 82 78 73 73 83 83 83 78 88 75 79 75 83 78 76 71 77 83 118 195 195 164 114 78 63 65 70 74 74 69 74 74 69 73 78 65 80 73 67 76 82 80 72 79 85 77 79 87 76 77 89 81 80 83 88 90 88 76 80 91 104 101 91 92 92 96 107 104 104 102 122 121 107 106 102 95 99 109 117 102 94 102 110 118 116 113 103 105 109 125 119
70 69 78 79 76 75 76 67 78 72 79 83 74 79 75 84 83 82 83 80 79 73 75 69 80 64 71 92 163 205 188 153 111 87 59 66 69 80 72 75 71 63 67 72 70 71 81 78 75 71 77 81 79 80 81 78 77 73 76 90 87 74 84 97 96 82 82 84 99 95 90 92 94 101 97 107 107 102 103 110 111 107 102 99 101 110 116 103 109 92 101 120 107 104 96 108 119 107 106 118 108
75 70 92 83 81 70 77 73 74 71 69 79 73 78 74 78 79 85 81 75 76 77 81 73 74 69 68 101 183 203 179 142 127 77 64 65 65 77 77 71 64 72 73 73 75 76 75 84 76 68 78 84 79 80 84 75 69 73 74 76 62 81 94 91 82 79 83 98 94 93 86 90 105 101 87 98 98 104 109 96 98 99 101 103 122 116 109 105 103 112 113 113 99 94 86 116 110 108 108 116 114
73 67 66 71 70 70 72 79 72 75 80 77 70 76 77 87 70 78 79 76 77 73 73 74 74 62 75 136 203 198 175 137 87 65 57 63 72 69 67 74 70 71 65 74 63 72 71 78 86 81 77 83 82 78 72 74 78 77 67 68 79 91 88 77 76 97 98 86 88 95 95 108 104 97 96 107 108 108 108 97 103 103 119 116 117 117 115 117 110 107 102 95 99 110 114 117 112 104 113 114 101
59 67 69 64 65 69 72 75 69 76 81 75 78 81 85 79 76 79 75 82 79 74 71 66 74 62 93 176 211 189 166 133 83 73 57 65 70 73 66 70 60 73 75 71 77 69 74 77 86 79 86 82 77 77 70 88 83 73 69 82 86 87 75 91 92 86 82 76 95 103 100 98 95 99 106 111 103 113 101 103 112 108 103 102 108 113 114 106 93 93 91 100 106 105 112 111 112 113 106 95 78
71 75 80 73 69 71 67 74 68 72 71 79 71 73 76 74 76 73 78 80 72 70 64 62 64 65 112 207 209 191 141 116 88 76 66 60 69 76 74 65 63 70 78 74 75 77 82 73 78 87 90 76 69 76 75 80 76 88 81 76 68 86 94 91 81 74 70 91 101 90 97 94 95 108 97 100 106 120 115 110 101 90 95 100 117 122 107 98 83 93 104 113 105 108 105 116 111 92 88 75 82
70 65 73 69 67 71 68 71 70 73 75 71 76 72 77 77 80 72 74 74 73 66 65 64 70 77 142 215 202 173 124 118 88 73 73 58 68 70 63 62 72 73 70 68 81 75 73 73 81 81 83 79 76 81 77 78 82 87 82 78 79 97 99 85 74 94 92 97 94 91 96 105 105 104 92 98 104 129 106 110 106 87 111 113 105 96 92 82 97 115 111 111 109 110 107 110 97 79 75 82 93
68 68 71 77 72 73 77 74 75 73 71 70 71 71 72 84 71 78 76 86 74 68 70 68 73 91 182 212 193 166 148 109 92 74 69 64 56 60 73 67 71 71 70 81 77 68 79 84 71 72 76 90 83 78 82 83 79 79 82 90 79 86 79 90 97 92 78 92 97 89 98 99 100 95 89 104 102 105 102 93 100 103 113 99 85 83 91 108 106 105 107 105 109 115 103 94 90 98 110 106 89
67 60 77 68 69 68 66 76 72 71 77 74 78 77 74 77 77 84 73 73 77 71 68 63 73 121 208 208 183 160 147 131 102 78 70 62 61 68 74 74 74 65 71 74 78 78 78 69 71 83 84 80 76 76 88 75 73 82 97 91 74 81 88 95 89 81 78 107 103 91 90 92 103 104 99 107 96 101 91 115 114 107 86 77 73 90 106 108 106 105 100 116 105 96 90 87 108 114 94 83 74
73 61 65 69 78 70 74 66 73 70 72 73 74 71 82 79 83 75 75 75 81 71 60 61 76 137 208 199 181 152 149 138 96 78 69 69 73 62 73 65 65 74 75 83 76 79 69 65 76 88 85 82 78 73 79 86 83 87 79 81 88 89 89 91 79 78 93 110 99 91 95 98 106 104 95 86 86 86 106 105 93 81 66 86 110 110 112 110 110 99 108 105 97 93 88 94 106 89 81 73 78
60 67 67 69 73 65 76 70 67 67 69 70 67 77 82 81 77 75 79 69 71 71 65 70 95 152 205 203 174 158 142 99 83 67 63 73 60 65 66 63 69 61 71 81 71 64 68 73 78 86 95 81 74 75 74 87 82 74 72 91 95 88 71 78 78 100 95 93 101 99 98 113 98 94 82 76 96 103 98 78 74 61 90 103 103 114 106 110 113 104 109 99 92 101 103 99 92 81 79 78 73
69 61 69 71 75 73 76 70 65 73 72 68 79 79 80 73 80 80 73 90 72 69 63 67 104 192 210 202 177 168 123 104 81 68 67 73 65 63 63 72 73 70 73 80 69 70 78 75 76 88 92 84 74 76 74 83 74 83 84 96 82 70 77 92 102 104 89 94 107 102 103 102 84 77 86 98 104 95 83 63 83 93 103 106 103 99 108 105 96 98 96 93 100 96 91 78 71 79 84 66 70
68 63 68 67 67 71 68 67 74 78 69 68 76 76 78 80 82 81 89 90 71 66 65 74 126 213 207 197 181 133 126 107 83 67 60 65 64 68 66 68 71 69 67 69 75 74 75 70 84 87 89 80 79 69 68 79 97 89 78 77 68 80 94 93 97 109 95 104 105 98 91 87 82 90 96 94 90 73 80 95 100 97 102 109 106 110 103 97 88 86 94 106 91 82 75 76 81 72 52 67 105
62 63 70 69 69 69 74 74 72 74 73 76 75 74 81 81 85 91 84 83 70 72 68 78 154 215 202 188 172 151 115 95 79 60 62 57 59 74 72 75 76 67 72 72 73 68 76 85 78 67 83 92 74 56 70 85 95 83 69 74 90 104 97 93 88 101 98 110 97 88 85 91 103 109 88 78 71 88 93 99 97 103 100 107 104 95 94 88 92 104 102 94 81 72 83 88 81 70 70 103 133
74 66 67 67 68 65 69 75 73 78 83 80 82 80 74 82 82 81 81 91 77 72 71 83 156 210 203 175 165 160 109 99 77 58 58 55 65 63 76 73 66 70 72 73 66 79 81 88 77 85 78 63 54 65 82 99 76 72 76 93 99 96 93 94 96 100 103 102 87 84 95 85 90 82 78 86 89 97 103 104 111 110 103 97 85 84 81 91 109 109 92 84 80 80 88 75 72 74 112 123 133
66 67 67 74 70 73 70 74 77 72 73 81 73 70 76 81 73 77 79 72 75 65 68 95 184 208 197 177 173 136 139 96 69 55 55 63 60 66 66 65 70 66 75 74 79 71 70 80 83 75 60 55 60 78 83 85 76 84 86 95 84 88 100 101 95 84 90 95 96 98 99 82 72 73 83 97 95 94 107 112 119 117 95 82 79 86 103 110 95 94 80 84 88 71 68 73 86 110 131 139 133
75 74 69 76 76 70 68 71 73 78 77 73 79 75 78 84 78 77 71 63 72 60 70 107 204 209 189 182 151 152 152 115 76 68 55 61 73 71 64 63 77 74 80 79 77 62 74 75 83 54 51 72 82 77 90 88 89 94 82 89 88 94 99 93 84 78 90 96 96 91 74 81 78 91 98 94 91 97 101 109 108 93 88 83 91 104 105 109 98 91 81 93 76 68 72 94 124 138 134 134 138
69 73 69 75 72 67 76 76 74 73 72 75 77 77 79 75 78 89 76 71 65 58 62 124 210 208 198 172 147 147 120 107 77 68 56 62 66 74 76 70 70 67 79 69 73 73 77 62 47 64 75 86 75 79 83 80 83 89 87 95 96 92 92 88 81 92 101 91 85 83 70 88 96 96 96 92 94 100 105 99 102 95 92 109 100 99 103 105 93 100 81 74 77 64 79 111 143 151 147 137 138
66 73 75 73 73 75 68 77 73 73 74 81 77 79 80 81 77 75 73 78 69 63 76 136 209 201 204 167 171 135 109 85 77 72 58 66 73 72 70 59 61 81 72 72 68 67 59 47 52 80 82 80 81 92 84 73 78 98 97 99 85 84 83 88 96 102 86 85 91 91 97 96 87 81 78 93 108 112 99 100 103 108 124 109 102 106 97 89 86 77 65 67 76 88 109 119 133 147 154 153 138
69 68 72 72 65 67 68 73 81 80 79 73 77 76 78 80 79 77 73 71 65 65 79 164 209 204 188 186 149 131 102 86 84 68 63 67 68 71 65 60 76 76 72 68 73 67 55 65 76 86 86 89 91 81 83 74 86 94 100 91 82 86 95 96 86 82 81 78 92 106 95 89 86 74 94 101 102 95 101 101 116 127 111 97 99 105 101 99 77 59 64 74 102 123 127 124 121 130 153 161 157
67 69 70 76 76 71 74 70 81 74 72 78 80 79 75 83 81 81 68 69 66 60 88 196 211 193 183 190 131 117 89 94 65 73 54 65 63 59 65 65 69 65 73 68 62 58 73 76 78 82 92 86 79 77 86 90 80 79 82 80 91 95 90 82 70 67 79 92 88 89 94 86 85 91 100 102 104 97 101 103 93 94 96 89 100 96 88 75 55 56 83 99 132 136 142 137 118 126 134 160 167
68 70 66 74 77 75 80 77 73 75 76 76 84 86 78 80 83 74 73 72 61 63 99 198 211 192 199 184 121 121 101 86 79 76 69 57 59 65 66 62 65 72 65 61 60 75 78 74 78 79 86 80 69 83 96 92 79 77 76 98 106 97 82 76 68 81 97 92 87 84 87 92 102 101 87 95 110 101 101 91 91 84 95 93 102 85 68 57 61 67 96 125 132 149 137 143 135 133 128 136 158
66 64 69 69 69 84 70 74 72 78 74 83 77 72 86 76 84 79 68 69 67 65 118 202 202 199 196 156 116 110 83 85 79 66 66 58 59 66 59 67 73 75 63 68 78 73 73 75 79 74 77 75 79 84 81 67 59 77 92 111 83 74 62 73 96 96 95 90 83 80 94 97 95 88 82 99 104 96 89 81 81 94 100 106 93 76 72 62 82 95 113 129 127 137 142 135 150 144 123 115 116
64 65 64 71 78 85 74 76 76 77 78 80 78 75 80 80 79 81 75 63 64 71 150 216 202 203 191 167 139 86 83 80 83 87 69 63 65 54 57 67 63 66 72 82 72 79 82 81 71 67 70 79 89 70 58 55 70 96 86 83 85 70 68 89 90 92 92 91 92 99 96 92 99 91 96 104 83 80 75 83 89 92 92 84 74 65 68 80 102 129 132 120 132 125 142 141 136 138 119 113 113
55 69 63 74 73 73 69 71 76 75 75 79 78 77 83 79 73 77 68 58 53 75 168 224 208 200 171 157 114 93 83 71 88 81 69 66 59 57 69 68 58 72 74 71 67 75 88 79 63 65 79 84 76 62 65 73 87 91 84 87 82 88 91 88 86 82 84 92 92 97 102 95 96 111 104 92 80 83 87 93 90 87 83 76 71 76 84 110 117 128 141 131 134 132 132 139 143 131 122 116 110
62 70 63 63 70 72 69 75 77 67 84 76 77 73 80 77 73 70 70 61 59 72 156 217 207 190 173 132 94 108 87 92 84 75 73 68 59 67 67 67 72 76 68 75 80 71 66 57 58 78 75 65 58 67 79 82 84 81 83 82 87 87 86 85 81 89 90 88 88 94 98 96 91 91 84 75 81 97 102 96 85 84 76 77 78 84 104 123 127 123 143 149 139 127 135 131 132 125 115 114 117
62 69 70 72 63 70 69 72 76 71 73 73 83 73 74 71 71 68 64 56 59 81 179 216 201 176 159 125 107 90 99 102 84 87 79 62 74 74 57 64 75 69 69 78 68 65 62 68 71 68 57 53 68 86 86 78 88 81 88 90 83 77 73 86 95 95 92 91 97 93 90 87 82 75 76 84 95 96 82 87 81 81 72 72 85 104 107 119 132 124 128 150 144 130 115 122 115 125 122 117 122
58 65 63 66 64 75 76 71 70 72 75 74 77 75 78 77 74 72 63 58 62 104 209 214 193 185 129 137 113 102 108 84 87 88 75 64 78 65 64 76 69 67 74 71 63 52 68 87 68 53 54 75 79 83 73 78 81 91 84 75 63 65 76 88 95 89 94 95 94 103 93 80 69 73 85 92 86 84 79 84 83 89 72 86 118 122 111 109 124 128 123 132 140 139 112 112 118 119 118 126 130
64 68 67 70 63 73 71 68 76 74 74 69 71 74 72 78 79 64 62 61 66 116 210 212 200 184 131 120 121 114 93 95 95 83 73 74 73 69 76 68 68 77 71 63 59 67 69 68 60 58 73 83 65 59 67 83 83 75 68 51 68 82 95 86 83 88 86 95 89 85 78 73 74 89 100 90 80 81 82 81 83 81 94 118 123 124 115 111 121 135 132 122 133 127 113 115 114 125 118 131 155
69 59 68 72 62 72 74 76 71 72 74 76 68 71 75 68 76 60 52 66 70 138 211 205 195 184 142 132 123 100 88 96 95 83 70 65 68 73 76 67 77 75 62 66 71 75 61 54 55 82 80 78 65 61 82 81 70 65 61 78 88 92 87 83 80 86 91 84 79 77 68 75 95 90 88 90 88 83 85 80 77 99 121 127 121 117 129 121 113 123 131 122 121 113 122 119 115 116 129 139 142
68 65 66 70 68 72 72 80 71 75 73 78 72 71 70 72 74 60 59 50 71 167 214 203 192 165 155 138 107 115 107 88 93 94 72 63 74 78 72 71 77 75 70 78 77 81 67 68 71 71 66 68 72 77 88 78 75 63 83 84 88 84 82 94 95 95 87 73 75 81 84 97 86 92 94 89 89 87 77 73 95 121 137 121 118 118 124 126 118 110 120 122 115 106 116 124 128 140 124 126 107
65 71 72 72 66 71 69 77 69 72 75 75 71 72 73 65 65 61 57 53 87 196 216 203 193 169 153 129 122 109 99 85 96 90 73 62 67 67 75 68 61 70 77 75 76 72 77 78 72 62 63 74 75 80 76 77 70 89 86 75 76 80 85 103 87 77 72 84 77 91 103 93 95 99 94 90 85 78 76 93 122 123 128 126 115 124 131 132 120 111 110 107 124 110 111 119 150 147 110 83 90
70 75 66 65 73 68 72 69 67 71 68 72 78 71 72 66 63 53 58 62 100 203 211 205 187 183 133 145 149 106 99 98 100 80 72 77 61 67 74 64 62 69 73 70 69 78 76 74 66 69 75 83 68 60 71 80 76 79 77 75 77 90 88 89 77 71 73 82 93 85 91 93 96 91 90 76 72 70 94 108 122 127 119 126 124 122 132 134 121 110 108 103 107 121 124 122 131 131 101 92 108
68 68 64 67 72 65 67 71 68 73 74 68 68 68 66 64 63 57 52 58 120 203 206 201 188 166 130 165 142 106 110 109 88 100 87 85 67 67 72 67 66 73 79 71 73 72 67 67 67 76 85 84 62 67 78 91 79 71 68 73 93 97 90 79 78 74 90 92 93 88 97 100 93 92 82 69 73 86 114 109 116 114 122 114 130 124 127 129 119 102 101 102 110 127 141 143 107 80 88 108 123
69 62 64 65 73 68 72 65 71 67 72 71 70 73 67 68 64 47 51 66 147 213 214 199 187 163 168 143 118 112 109 96 93 87 81 69 81 64 64 75 78 72 82 75 75 66 63 65 75 75 69 75 75 83 81 79 82 80 80 84 89 82 80 75 73 86 91 88 99 94 92 92 87 78 72 72 86 107 126 115 111 120 121 124 121 133 124 118 116 104 104 111 112 121 131 137 93 97 96 119 123
60 57 68 62 59 62 64 71 66 74 85 70 73 66 67 61 60 58 51 74 178 214 209 201 177 158 166 132 133 119 106 106 96 84 78 76 79 64 67 71 83 80 75 70 75 62 67 70 69 75 77 68 76 78 79 82 82 92 88 81 80 82 82 78 92 83 84 92 100 88 90 81 70 73 67 88 114 122 129 120 112 115 126 127 124 124 116 112 113 115 114 123 136 103 87 85 85 113 120 114 119
66 69 65 58 63 62 62 71 72 71 68 64 66 68 65 62 61 54 53 82 185 218 204 198 191 167 143 156 129 117 113 130 108 79 91 92 74 69 84 76 74 74 65 71 60 67 73 67 73 74 71 76 73 71 76 81 87 91 84 85 82 89 105 99 92 81 90 97 104 96 86 73 71 60 79 116 123 117 128 125 120 112 115 127 115 115 112 118 111 119 134 123 113 93 90 89 103 113 127 123 117
60 74 59 72 65 68 66 74 74 74 70 71 66 65 69 63 54 53 59 86 196 222 204 191 187 153 162 176 127 109 116 127 89 91 100 88 72 90 101 82 74 79 72 63 69 82 64 65 73 76 69 84 73 79 82 83 74 74 71 77 90 89 102 85 84 89 93 91 94 88 88 73 66 84 99 124 114 113 118 126 130 115 106 111 106 103 109 110 117 134 128 112 92 90 93 109 121 112 111 121 120
72 60 67 69 62 67 67 73 77 74 68 73 65 67 76 64 57 51 56 92 205 214 206 193 173 161 183 171 112 137 119 120 96 106 98 83 88 100 96 84 81 73 80 78 74 75 69 71 75 69 70 66 76 82 95 73 68 63 73 80 87 87 81 82 89 88 95 97 88 88 81 68 77 100 112 118 120 119 120 119 127 124 113 97 105 104 115 115 133 150 109 89 107 99 105 121 130 126 117 116 123
56 66 67 64 70 65 67 69 65 75 69 71 63 67 71 69 56 53 60 96 202 210 202 188 156 180 164 127 116 131 103 109 118 102 103 100 92 89 87 78 80 79 83 89 67 67 72 76 78 61 69 78 75 75 75 57 47 70 86 86 86 74 77 94 94 97 87 77 83 86 73 89 100 107 110 111 111 121 131 120 116 117 119 101 95 112 115 130 143 129 88 93 99 109 117 126 131 121 126 127 119
63 63 62 64 72 69 73 63 68 66 73 74 71 64 67 60 56 52 54 104 205 214 198 183 180 171 131 165 134 110 119 127 105 97 101 104 78 80 104 95 86 79 83 81 67 69 74 75 67 66 79 75 76 65 64 60 71 78 81 83 103 78 82 90 96 83 79 84 75 68 82 103 121 105 99 107 117 113 127 121 112 105 113 113 104 113 134 144 105 87 79 82 108 116 121 126 124 128 122 124 125
63 63 67 62 66 71 72 64 64 71 66 77 68 67 72 67 59 54 60 120 218 211 196 186 182 157 160 161 107 109 133 109 100 112 115 105 80 87 125 102 88 83 74 70 68 63 67 70 66 68 89 77 70 71 79 83 79 69 80 87 93 81 87 79 70 70 78 80 70 93 103 108 118 114 104 112 126 120 117 122 116 97 104 111 124 129 120 116 85 79 87 110 110 114 118 129 125 120 121 117 139
56 65 64 62 67 73 69 69 71 70 74 74 69 71 67 61 60 48 58 128 221 213 202 192 158 176 169 137 128 150 139 97 97 120 115 107 88 93 97 93 97 87 69 72 82 64 65 77 72 68 74 74 67 74 85 82 72 65 82 97 100 99 80 65 60 68 65 79 88 111 122 114 104 111 113 113 119 126 108 106 115 110 104 121 133 137 93 79 82 88 101 116 123 115 120 114 119 130 129 131 123
63 66 63 63 69 70 69 67 67 75 71 72 63 67 65 63 59 52 60 123 212 213 201 182 164 174 161 129 150 167 147 124 121 111 108 124 115 92 92 91 93 83 68 78 75 69 74 80 70 61 64 63 66 84 81 79 71 76 89 96 93 77 71 69 65 67 64 79 107 124 125 117 99 102 120 116 105 119 112 103 113 121 117 113 123 120 84 81 95 104 105 117 121 124 116 116 112 125 130 125 132
67 60 68 63 65 68 63 73 63 61 70 68 72 65 64 64 54 53 53 103 211 210 195 159 182 166 141 163 152 142 117 160 152 107 98 128 132 102 97 111 87 83 75 80 82 74 79 77 61 45 49 72 78 82 69 68 76 87 94 87 84 79 71 72 69 69 82 108 114 120 118 112 107 103 104 113 112 116 115 104 113 135 133 104 82 85 88 88 97 122 115 115 122 123 124 117 123 118 131 141 124
61 62 71 66 63 69 66 69 69 68 70 67 63 66 67 66 53 52 58 131 217 208 187 186 169 147 149 158 134 119 128 147 123 93 111 118 106 96 112 104 95 93 79 90 81 81 76 60 48 47 58 83 75 72 62 71 91 85 84 86 81 86 75 69 59 82 95 114 115 114 114 116 116 109 89 101 106 106 103 114 121 142 136 83 74 78 89 86 112 126 121 121 123 124 125 124 121 124 121 129 128
63 63 73 69 64 62 64 67 69 70 64 70 71 60 67 60 63 57 61 133 216 211 194 183 149 185 166 131 113 151 136 119 103 110 111 117 108 102 104 97 93 104 91 92 86 75 69 53 54 63 71 61 57 69 67 81 94 84 82 76 83 82 61 62 90 107 111 108 118 113 111 107 113 109 95 96 104 109 101 130 137 120 85 77 81 81 99 109 114 113 124 122 116 122 130 125 126 113 119 114 122
62 66 67 68 69 71 71 63 72 75 65 59 67 66 66 60 55 45 60 128 217 205 189 158 177 184 159 122 140 144 135 122 144 139 117 103 127 108 103 95 101 113 100 87 85 67 67 68 69 78 60 48 41 63 82 83 75 76 80 77 79 65 73 87 112 116 104 103 102 107 115 106 107 109 108 101 104 109 117 128 123 107 82 82 91 93 105 110 114 109 114 125 120 122 129 130 119 119 112 112 120
65 66 66 64 64 72 61 65 64 74 72 60 65 61 68 62 52 51 64 148 219 197 170 170 175 168 128 164 156 140 109 161 167 146 102 109 124 102 97 113 112 109 92 84 75 70 71 66 74 60 59 49 63 74 83 78 70 76 79 70 54 63 88 116 117 118 114 103 102 101 108 105 98 102 109 101 101 121 131 114 76 90 89 79 91 106 105 106 106 113 120 127 129 124 119 125 119 115 106 99 121
64 61 62 68 67 70 69 66 66 71 67 61 65 64 62 56 51 52 69 153 213 189 184 183 171 147 153 156 153 118 115 151 152 111 116 116 111 86 109 128 112 102 93 82 72 64 74 67 66 54 59 59 84 67 68 74 72 72 72 56 53 88 114 118 118 112 111 107 112 104 96 110 107 96 105 116 113 112 113 95 66 90 97 96 103 123 113 109 108 106 115 118 130 128 119 103 105 121 116 109 105
59 65 67 65 68 69 63 68 73 65 62 65 67 60 60 54 57 50 65 165 223 195 189 178 136 163 171 148 116 147 141 138 107 102 126 133 110 99 112 112 94 125 105 86 69 73 73 67 64 67 75 72 76 74 70 83 74 66 57 60 78 111 117 115 112 115 106 111 110 104 90 96 112 99 110 122 128 87 74 92 86 83 84 99 113 116 125 115 112 108 116 121 119 123 125 101 103 118 129 113 110
69 66 65 66 73 72 64 59 61 61 69 62 68 58 55 54 48 44 72 188 215 192 183 146 173 169 161 137 141 146 129 112 125 124 117 117 110 116 100 83 102 129 95 79 72 83 82 63 62 76 72 75 73 74 77 72 65 71 72 86 104 108 113 112 115 106 108 104 109 99 86 85 97 112 114 118 95 78 93 103 97 84 91 111 111 113 121 115 122 110 112 109 107 117 118 110 105 115 113 119 124
70 74 74 67 65 68 64 64 75 61 67 65 60 61 57 55 56 48 85 202 213 187 163 155 174 164 133 149 164 154 113 103 151 136 107 107 115 103 85 91 113 113 87 80 84 77 84 77 77 76 66 72 68 83 77 63 56 84 102 104 113 116 117 112 112 108 103 110 105 103 95 101 93 125 136 99 63 89 102 99 88 98 114 111 113 117 112 112 119 128 110 102 104 108 111 107 110 132 113 105 123
68 69 70 61 65 68 65 61 68 68 67 63 62 58 59 55 47 46 96 199 205 180 179 183 176 163 160 171 169 138 127 123 130 129 115 145 121 92 86 123 113 110 104 101 88 76 82 83 76 79 62 67 71 66 65 58 60 90 107 108 121 116 112 108 109 111 103 101 97 101 101 108 107 110 103 73 72 92 99 89 96 115 121 120 121 108 103 123 128 130 115 101 104 107 118 112 121 121 112 87 98
65 62 65 63 64 61 60 65 68 68 70 69 60 54 56 48 45 50 91 200 197 182 192 185 152 162 184 181 145 132 154 133 120 105 139 148 113 99 106 119 102 110 135 93 86 79 99 88 79 75 69 79 72 66 62 64 89 102 98 88 110 116 113 104 107 99 105 96 106 99 117 108 107 89 75 79 86 84 89 90 109 129 125 115 117 110 110 123 124 125 114 103 104 110 116 127 125 83 102 97 101
65 63 65 63 62 69 56 61 64 64 69 58 63 55 57 51 44 50 126 215 193 189 189 164 171 173 180 154 151 148 147 144 113 135 134 125 109 143 125 101 93 118 114 84 86 88 103 71 73 77 72 76 60 54 65 79 105 108 105 91 93 105 106 108 103 101 101 111 106 112 120 117 79 77 86 95 89 82 91 105 106 120 112 114 114 120 117 118 112 115 115 108 103 118 125 105 97 78 96 99 107
68 61 65 66 63 66 64 65 74 67 69 57 60 56 56 48 45 56 141 220 203 190 175 177 195 184 153 139 175 158 153 124 131 146 145 111 117 136 120 89 114 129 122 92 100 90 84 69 69 75 71 60 57 56 95 100 107 104 111 98 83 92 107 111 103 100 91 108 108 122 119 88 73 86 91 88 84 88 113 115 105 108 109 115 118 116 128 124 108 105 109 109 112 115 101 76 84 93 102 104 120
64 66 66 56 58 63 66 70 57 63 63 58 56 60 53 45 41 52 130 212 203 191 185 199 194 168 155 178 189 155 129 159 163 147 119 147 137 115 94 95 113 128 120 109 123 94 81 72 72 70 59 52 54 74 113 105 115 111 106 103 88 88 100 104 110 93 99 103 116 110 93 81 90 100 96 87 90 110 118 120 115 106 103 107 116 118 124 112 101 104 121 128 107 87 96 92 90 106 109 102 121
73 64 65 64 62 63 61 60 68 64 60 57 62 61 47 45 41 48 116 207 197 191 199 197 175 157 181 197 171 126 145 166 153 128 122 157 133 102 112 124 112 111 120 115 116 93 86 102 73 59 52 47 64 88 105 95 110 109 108 102 109 90 89 95 97 109 102 117 112 83 71 87 101 100 87 85 103 120 122 110 111 108 105 107 115 117 106 108 106 110 116 120 88 87 100 105 93 105 106 116 118
61 69 62 67 66 65 65 64 62 62 61 62 58 52 49 43 37 54 144 217 200 203 197 166 164 188 195 183 135 158 159 151 120 149 148 137 110 108 141 125 107 108 149 123 116 90 99 104 76 62 50 56 80 99 102 91 98 107 104 103 110 96 89 91 100 117 108 117 103 70 80 104 97 97 86 103 126 119 111 110 102 106 110 111 105 115 106 106 112 111 91 86 90 99 104 111 111 99 93 110 118
56 64 60 63 69 73 65 65 74 63 61 60 58 52 49 51 42 48 136 217 211 206 183 174 190 192 175 143 148 176 163 117 120 177 152 119 126 149 149 130 107 115 140 116 110 113 96 88 65 60 65 69 87 93 101 97 94 95 95 102 96 104 93 94 108 112 115 90 70 75 90 98 96 82 98 115 123 120 115 119 106 105 113 109 106 112 111 108 116 103 78 77 94 111 109 106 112 106 102 108 114
61 61 59 63 64 63 62 63 65 60 57 64 57 56 48 41 40 43 124 213 213 187 183 200 204 184 154 172 184 173 132 138 148 164 135 108 143 147 138 105 141 134 127 104 141 126 103 75 63 87 78 77 89 103 96 89 96 93 84 105 92 101 99 100 112 121 118 64 74 95 97 85 90 99 113 118 112 115 110 115 114 104 108 110 105 111 116 125 103 85 96 95 88 105 103 108 118 124 111 117 104
59 59 65 66 69 62 66 56 60 55 65 61 62 60 54 45 44 45 125 211 202 193 202 201 182 165 186 199 177 136 123 160 151 136 124 138 139 124 96 119 153 130 105 114 137 129 99 89 88 85 96 88 84 93 98 84 90 100 90 94 88 100 105 110 105 99 98 59 71 97 93 81 96 113 117 107 106 110 114 119 109 94 102 100 113 108 105 96 86 91 96 112 92 99 105 110 111 121 130 115 105
58 62 66 70 63 65 67 60 60 59 63 61 61 59 50 42 38 47 126 217 202 207 205 182 157 177 203 190 153 149 162 161 133 121 151 153 138 103 125 131 130 111 122 150 118 108 91 100 72 76 89 89 86 78 94 89 85 99 97 95 89 96 108 118 99 68 78 79 90 93 95 97 104 113 117 105 108 103 111 105 113 102 102 101 118 123 80 77 83 94 108 99 103 95 103 111 108 115 140 118 102
61 71 65 64 63 61 64 57 65 61 68 55 51 52 48 39 41 43 112 213 214 214 189 165 192 202 193 161 165 181 176 159 134 153 150 129 91 115 158 123 102 101 141 141 106 101 99 103 82 84 79 85 101 85 87 89 76 87 95 94 93 111 104 107 85 69 99 90 87 85 99 115 118 110 111 116 106 105 102 97 106 110 105 100 92 102 85 79 98 92 104 98 104 107 104 103 112 109 116 120 103
67 59 59 68 67 63 63 61 65 57 61 54 55 51 53 40 44 44 96 206 214 197 181 194 200 185 168 157 192 187 163 136 160 172 142 104 130 134 126 93 101 144 132 118 108 133 114 102 84 85 78 81 92 89 81 81 77 81 89 89 98 105 102 72 77 78 94 89 84 97 109 112 114 113 106 109 107 104 104 100 114 110 117 85 81 88 100 87 105 96 98 102 102 105 106 111 109 111 105 95 96
63 65 61 63 66 60 65 62 69 67 65 59 54 54 51 48 43 49 94 214 207 181 202 205 191 161 178 191 194 173 156 169 166 162 117 133 146 119 95 85 128 142 110 106 140 164 121 95 75 73 77 67 71 96 93 85 81 79 89 104 104 103 84 62 72 85 95 91 98 106 115 110 106 115 104 99 109 102 107 106 110 107 105 75 84 94 101 100 98 95 96 103 111 102 103 106 99 108 101 89 96
63 69 61 66 64 63 64 62 58 63 58 58 56 64 49 41 44 41 99 208 205 198 209 198 170 181 194 195 170 163 172 184 165 141 162 145 113 85 98 110 100 107 89 128 142 145 94 80 85 67 75 81 79 86 100 98 87 88 99 103 98 76 58 78 82 89 80 87 105 108 110 111 112 98 106 109 105 109 111 110 105 85 80 84 90 95 99 107 96 94 108 102 105 108 99 99 101 102 89 96 111
63 58 61 66 63 69 59 57 61 61 57 65 58 56 56 48 47 36 76 185 213 213 201 175 172 197 195 167 156 190 194 179 144 149 150 138 92 88 112 98 84 76 121 151 125 99 84 72 77 70 70 76 83 81 95 99 84 95 102 88 80 61 64 88 91 89 84 104 114 116 106 100 106 102 97 107 105 107 120 115 87 85 101 98 97 93 106 100 98 101 108 107 101 115 103 92 98 91 91 105 109
67 65 60 64 66 67 62 64 63 58 66 64 59 59 52 49 47 38 64 159 217 209 181 182 199 196 177 166 194 211 186 157 171 155 139 115 127 123 109 85 68 104 124 115 104 90 85 73 68 79 82 75 78 84 84 88 96 93 99 75 58 66 73 89 88 88 99 121 111 112 109 99 105 102 103 103 107 109 113 87 88 102 96 105 95 100 103 106 96 106 105 110 106 106 104 98 86 85 109 120 109
67 68 69 60 65 64 63 65 76 66 63 59 63 59 50 55 51 43 59 143 219 198 190 203 197 177 166 193 203 196 162 167 186 153 125 120 125 97 96 69 104 117 112 94 103 89 89 88 85 79 80 81 77 78 80 86 105 99 81 58 75 78 79 79 83 97 103 109 102 101 112 103 103 100 108 96 106 107 109 75 87 99 102 102 96 106 100 111 100 97 98 105 113 104 99 99 89 96 109 109 113
62 61 66 59 70 70 68 65 64 64 64 61 55 66 54 52 44 39 52 108 202 203 207 203 179 172 194 207 193 167 189 197 176 131 145 137 103 78 80 77 84 85 80 89 110 95 79 85 87 83 80 87 75 83 83 90 100 98 75 65 84 92 84 81 91 108 105 107 107 106 96 104 105 102 106 105 111 84 77 80 92 98 97 101 103 101 103 110 104 102 95 100 100 105 91 96 100 115 114 107 117
65 67 64 64 73 61 60 60 63 62 59 55 64 60 54 47 46 44 39 72 184 215 207 191 186 196 205 192 169 185 199 195 161 154 158 145 93 80 91 75 72 67 94 107 105 115 101 80 81 84 78 91 80 76 94 92 94 83 72 75 79 87 85 86 106 115 105 103 101 107 103 98 101 110 106 110 111 79 74 89 90 95 97 95 103 107 105 112 106 108 98 97 93 94 95 98 107 111 113 110 103
68 66 61 64 68 62 60 59 57 69 64 62 55 56 54 51 44 40 45 73 195 217 191 190 199 206 193 169 180 197 191 161 175 173 155 123 106 94 84 74 67 86 133 119 99 110 126 93 80 86 87 107 92 85 89 85 73 61 74 87 87 78 94 99 102 110 114 107 99 108 105 107 96 111 107 78 76 95 91 94 92 92 102 108 101 110 105 102 105 108 108 102 85 81 90 103 101 114 114 114 106
73 71 57 68 65 69 59 64 63 60 61 65 63 55 60 56 43 44 39 60 173 210 194 206 207 195 175 190 202 196 171 184 181 155 119 130 127 101 82 63 66 95 142 129 105 102 124 129 89 76 92 98 102 78 79 72 59 70 80 88 83 84 99 102 100 104 116 109 108 106 111 106 100 109 97 83 86 94 93 98 97 96 98 102 103 105 107 104 101 109 96 100 94 88 98 103 108 102 109 104 112
59 69 62 63 60 62 63 59 66 61 57 57 56 58 63 53 48 41 42 48 136 206 212 205 190 179 198 205 193 163 187 213 185 138 143 126 120 94 84 70 83 112 137 141 122 104 98 141 106 76 93 93 91 84 85 76 59 82 92 79 96 96 103 107 110 94 104 111 107 102 107 108 111 88 83 94 95 95 88 98 96 102 94 104 104 106 105 101 93 96 95 88 89 105 112 109 111 116 105 105 109
64 68 62 65 64 67 61 53 58 59 60 53 62 65 63 59 50 45 48 46 89 206 218 189 168 191 205 197 173 181 207 205 166 147 147 131 94 81 100 87 125 124 110 115 134 105 83 105 127 94 93 96 82 73 69 70 69 77 88 79 97 101 99 99 113 98 99 113 105 113 108 99 85 75 84 93 92 97 88 92 99 113 97 99 101 108 104 102 101 94 88 88 103 113 113 105 108 110 108 103 99
63 61 62 73 64 71 57 64 66 58 69 59 63 64 57 65 78 45 48 45 83 198 214 182 183 203 197 175 184 197 197 181 184 171 142 113 107 95 97 102 118 109 111 101 127 131 89 101 121 118 97 89 69 59 63 87 81 81 77 90 101 103 102 99 111 112 103 101 100 98 110 93 79 81 98 98 94 100 86 94 95 106 105 104 100 105 103 103 96 89 88 98 111 115 111 99 104 104 112 107 102
63 70 67 77 64 63 58 59 63 66 70 64 70 63 62 63 61 47 37 40 61 167 205 203 206 195 176 177 196 196 170 178 195 173 120 116 133 117 103 96 103 96 121 119 105 140 116 109 99 117 102 88 65 63 70 83 86 76 85 101 116 100 97 105 97 106 113 100 105 100 106 83 83 92 96 95 97 94 95 93 95 98 103 113 103 98 91 92 92 80 102 113 119 113 106 101 107 102 97 100 93
62 61 57 70 61 65 62 61 63 64 59 66 65 65 61 55 53 49 38 40 49 104 207 219 201 180 186 199 193 162 162 201 185 143 156 144 141 112 84 85 97 104 108 128 97 132 145 141 98 90 94 79 63 81 89 80 81 72 93 100 105 105 97 110 95 93 109 111 92 93 89 78 85 99 96 98 90 92 99 90 97 107 102 106 102 95 90 86 81 88 108 117 119 118 106 104 107 112 97 98 100
72 64 63 64 76 67 61 62 63 62 67 63 65 65 64 60 56 55 44 41 40 80 192 217 191 194 201 195 165 167 195 199 157 167 183 161 121 108 111 77 85 109 126 131 104 95 126 145 116 84 71 62 57 79 87 88 86 92 110 104 97 109 104 98 105 103 102 108 84 63 83 90 90 96 95 102 88 98 90 96 96 101 103 95 106 96 90 83 80 100 106 107 104 110 106 108 105 110 99 105 104
67 65 61 70 68 68 64 62 70 69 69 63 70 63 65 57 63 57 51 45 38 64 155 211 201 204 191 170 178 191 192 169 171 195 180 134 119 152 145 102 78 98 126 128 127 89 101 112 129 87 77 77 67 74 86 82 97 104 116 111 98 102 111 104 102 113 100 95 88 81 80 95 97 87 94 100 95 95 95 91 88 98 103 105 94 87 94 92 90 110 108 103 99 98 104 111 105 106 103 114 109
68 63 61 62 62 60 60 63 62 66 63 65 67 70 67 67 60 57 49 49 42 44 101 202 214 199 173 186 198 193 164 169 194 194 159 131 159 143 126 136 108 90 101 114 141 100 86 102 115 92 76 82 72 82 81 85 100 105 107 109 103 104 104 103 102 97 96 79 64 74 93 88 99 86 97 107 99 99 105 102 87 84 93 106 95 82 89 97 116 112 108 112 103 98 101 104 102 105 111 117 124
67 66 58 67 58 58 61 60 60 67 65 71 62 71 64 67 65 55 45 45 40 49 76 196 217 188 189 201 189 163 165 196 196 170 171 180 178 142 122 145 148 107 88 116 145 126 84 94 87 72 67 81 87 79 77 91 104 107 99 104 106 108 92 98 102 83 67 62 84 80 101 89 98 96 88 103 101 97 100 99 97 91 85 89 89 89 73 80 104 109 100 101 99 102 96 102 101 109 113 117 112
59 64 61 63 62 66 64 58 62 63 64 72 65 71 63 72 63 55 50 47 45 41 62 176 213 198 199 195 167 170 196 199 176 167 184 188 176 141 128 129 158 148 104 122 146 147 100 83 67 62 73 81 91 95 93 99 103 107 100 101 108 115 104 90 86 71 65 65 86 81 91 98 92 100 91 94 95 97 101 99 92 95 90 81 77 85 104 101 104 88 69 59 58 74 88 95 105 104 109 125 111
64 69 64 73 67 64 64 57 72 70 67 61 64 67 66 66 61 59 60 47 50 46 55 158 216 215 199 173 185 197 201 177 158 196 199 183 150 142 150 133 142 164 131 99 124 150 123 68 58 72 75 91 93 105 102 104 113 105 106 102 99 108 111 98 74 63 65 85 86 94 86 90 89 101 108 86 86 87 88 98 97 95 88 87 87 99 115 112 107 99 92 87 69 61 46 51 84 94 107 108 110
54 62 68 69 64 61 65 65 69 65 70 65 66 62 65 74 65 60 54 56 47 42 50 112 195 218 189 191 204 203 182 164 188 201 181 155 127 141 163 161 134 161 154 115 107 130 133 78 62 70 87 99 92 92 99 106 110 100 106 106 103 103 99 91 71 84 91 87 90 89 92 92 98 96 97 87 91 86 97 102 94 95 86 83 90 109 112 112 105 110 112 104 90 82 71 50 43 56 88 88 101
61 71 62 64 69 67 63 63 67 68 65 73 72 76 71 69 64 69 59 59 53 46 48 69 151 208 201 211 203 187 175 189 206 187 158 153 136 137 154 168 152 130 149 141 99 99 95 68 64 65 75 101 95 88 87 91 101 108 111 104 94 97 93 71 79 92 103 99 95 91 102 91 94 101 89 87 90 91 91 102 92 86 83 87 108 110 108 100 104 107 105 96 92 100 96 81 81 59 55 45 66
59 58 67 58 63 63 57 68 72 72 71 72 73 70 68 64 67 67 62 61 67 55 56 55 86 176 219 213 193 181 197 212 196 168 166 146 140 144 147 172 173 138 133 154 98 70 62 54 64 84 94 105 100 94 88 84 92 108 104 102 87 86 65 59 96 95 98 93 95 90 105 99 81 86 91 81 79 91 92 89 84 93 92 101 108 104 115 110 106 103 104 104 77 73 67 62 87 84 61 52 49
