78 73 84 79 77 80 74 85 86 79 85 79 82 81 91 87 83 84 84 84 79 94 100 89 86 87 94 86 99 91 82 92 95 94 95 95 106 90 86 78 78 86 77 84 85 84 87 88 88 80 90 89 85 77 93 85 89 84 93 96 93 92 94 96 86 81 111 90 86 98 91 88 96 91 99 91 87 104 112 106 97 95 107 108 102 99 103 98 118 120 98 104 108 112 109 105 104 102 114 118 109
95 79 79 78 76 79 76 81 85 82 87 82 80 89 85 86 91 86 90 83 83 90 91 89 86 83 91 90 95 80 83 84 95 83 100 92 88 86 89 81 79 85 80 85 86 79 83 102 86 81 92 99 92 86 94 81 87 83 85 85 86 89 92 87 97 86 98 93 92 91 90 91 99 106 90 90 107 120 103 114 101 104 125 98 92 96 114 110 128 101 105 120 119 115 118 116 109 112 119 99 120
73 74 81 82 73 72 85 76 85 82 80 87 77 88 85 93 88 90 92 87 84 85 92 89 82 95 84 92 91 88 94 87 89 87 93 89 88 86 85 83 90 91 80 83 88 91 82 85 86 88 81 92 87 88 89 79 87 84 85 89 88 86 86 93 88 96 96 100 92 83 87 95 102 91 97 102 102 105 123 104 125 106 104 90 110 115 109 111 108 108 128 123 121 119 110 107 128 111 115 107 98
71 75 82 81 75 77 76 76 81 81 79 79 79 89 85 83 82 89 95 78 89 93 80 83 91 86 87 90 85 86 93 88 97 103 89 84 88 79 83 85 83 83 83 77 83 85 78 89 88 85 92 87 83 96 93 85 84 84 96 96 91 83 93 84 85 93 93 94 85 98 99 78 106 93 111 100 97 107 106 99 101 94 100 106 123 111 108 117 109 122 114 111 114 102 119 116 114 123 108 103 112
83 75 83 82 76 77 77 75 81 82 84 78 82 88 91 88 91 88 94 86 93 87 87 90 92 88 88 90 84 86 87 101 117 102 85 82 82 77 84 74 77 76 81 82 80 73 82 85 100 85 93 93 81 94 83 80 88 87 83 96 93 95 106 88 89 86 95 90 100 94 86 92 106 97 94 95 108 101 109 93 98 114 129 113 115 106 111 127 125 117 106 120 119 120 113 102 120 105 131 118 128
88 79 77 82 78 73 87 80 82 88 84 78 92 83 80 83 85 88 84 84 93 89 87 91 90 87 88 84 84 86 80 113 156 94 87 84 79 71 74 86 86 82 77 82 90 79 81 81 82 86 87 90 92 85 85 88 82 82 86 87 79 84 88 95 84 86 89 94 89 96 108 104 89 90 95 97 128 91 100 97 120 125 110 105 94 110 123 111 114 112 107 112 126 106 107 103 112 113 120 107 125
78 75 77 80 73 83 81 76 81 83 84 88 85 89 86 87 88 83 88 99 93 89 86 86 97 80 93 87 85 86 86 132 131 90 91 79 78 78 84 81 89 88 80 80 85 78 90 91 84 86 82 94 80 89 84 84 84 83 85 90 82 89 88 86 95 88 85 96 92 99 95 94 93 104 104 85 101 95 112 118 102 112 105 102 110 117 113 111 114 115 117 120 96 102 96 120 111 112 120 114 129
83 80 78 78 74 83 84 78 80 84 81 84 92 83 87 85 87 88 80 96 80 82 85 84 83 80 85 78 92 84 97 135 113 101 86 74 75 78 76 78 79 83 81 76 87 75 86 91 81 75 88 91 78 87 82 86 85 89 81 98 89 85 89 85 99 86 86 93 99 95 91 96 120 101 94 85 100 111 114 123 110 111 111 108 112 116 120 115 118 120 109 94 88 98 118 126 113 103 106 124 127
78 76 85 75 74 81 84 79 82 85 80 83 91 90 82 85 95 86 84 93 75 79 86 82 80 86 85 84 91 82 116 152 102 93 85 74 75 73 75 78 79 82 96 77 82 97 86 93 83 88 90 89 85 84 88 83 78 89 93 91 81 89 104 85 89 98 99 101 88 105 102 103 92 94 88 96 99 99 94 95 107 120 106 110 116 110 121 122 109 99 100 96 107 117 111 100 104 97 119 116 121
81 72 81 78 78 76 76 78 81 80 85 83 86 89 87 80 86 87 87 89 82 78 92 85 78 84 87 90 87 99 128 134 117 79 72 74 67 83 77 81 84 91 91 79 87 93 87 94 84 81 97 88 77 96 79 84 86 96 85 83 90 92 91 94 87 97 90 88 89 100 100 101 99 113 106 105 100 93 106 102 114 112 106 125 119 120 120 99 102 106 113 117 114 119 102 90 119 124 117 104 115
85 75 80 76 87 87 83 86 83 89 84 83 85 86 86 90 90 85 90 92 93 100 97 91 86 84 83 100 83 104 140 136 107 81 73 73 78 76 72 84 89 80 87 85 83 89 82 90 83 87 88 84 79 100 84 90 91 87 84 88 88 90 91 100 86 87 97 91 91 104 99 93 119 91 112 99 103 102 120 101 114 110 112 119 114 111 106 87 104 119 117 104 117 103 98 121 117 108 107 107 122
88 95 77 95 96 82 91 84 85 83 80 82 85 79 81 82 87 82 84 84 94 80 83 82 82 89 86 101 89 126 147 129 90 78 75 79 72 78 80 80 81 90 90 86 83 89 85 85 84 81 86 94 75 87 81 84 86 84 88 88 91 100 89 98 90 95 88 105 87 92 103 95 96 98 94 94 111 115 106 106 107 115 119 96 116 98 103 101 115 110 94 105 100 114 113 128 109 103 115 114 113
95 90 83 94 98 92 80 85 81 84 89 87 79 80 88 93 82 89 92 81 89 74 88 83 85 91 95 94 109 159 148 116 90 91 83 79 80 90 91 88 91 82 86 88 80 77 90 82 77 89 87 89 79 90 88 80 83 86 78 88 91 86 86 88 108 94 87 88 94 100 107 102 92 104 111 108 111 114 113 112 131 121 103 102 106 106 117 116 113 100 99 121 111 118 107 113 112 122 115 124 124
86 80 93 90 86 81 83 76 86 81 89 84 81 86 82 95 85 88 89 83 85 82 80 84 92 84 94 88 133 153 128 117 105 97 84 83 83 88 89 87 86 74 85 85 81 79 89 86 88 86 83 90 83 85 84 83 80 80 84 90 86 83 94 104 99 87 90 98 103 95 87 91 113 104 105 107 111 109 108 109 101 100 101 107 111 116 105 96 105 99 104 130 93 107 93 104 128 110 110 118 111
86 88 108 99 93 79 89 81 85 78 86 84 82 81 84 85 85 93 86 80 81 81 86 90 85 88 86 93 142 145 127 107 95 86 83 81 86 84 90 83 81 84 81 84 84 82 86 94 88 83 88 89 89 91 88 81 82 86 85 83 83 90 92 102 86 94 96 95 94 94 86 104 102 89 91 97 103 102 106 98 101 105 110 114 112 107 112 104 106 121 97 108 94 101 96 121 114 104 108 111 119
90 87 78 83 84 79 81 82 76 83 87 75 80 84 80 100 79 81 85 86 79 79 76 84 88 85 84 114 156 137 136 107 84 82 78 84 87 81 84 87 80 84 81 82 78 85 80 91 91 88 87 90 89 85 79 85 91 80 85 89 94 91 98 82 96 103 101 88 96 103 97 109 101 95 110 110 114 115 108 106 114 104 104 114 118 122 108 121 100 102 94 105 114 118 114 116 106 101 114 106 100
74 84 78 79 77 81 83 81 76 89 81 80 84 85 86 88 83 90 79 93 81 81 74 83 95 83 93 148 162 135 106 93 80 89 75 80 86 91 84 82 74 95 89 82 91 83 83 85 87 84 93 85 85 89 85 88 87 82 94 87 91 92 90 87 103 88 91 91 101 104 99 107 98 105 111 103 100 120 108 111 114 103 108 100 111 119 109 110 85 102 99 113 104 99 101 112 108 110 96 96 87
84 88 86 84 82 81 79 87 81 89 79 94 89 80 83 82 84 81 79 86 78 79 79 82 91 83 96 173 151 136 101 97 87 88 85 78 85 90 80 80 79 81 85 80 81 91 93 84 85 89 85 88 85 87 87 86 81 104 87 86 84 100 106 87 85 92 90 109 102 96 105 115 112 118 95 109 105 131 110 110 105 98 110 109 116 115 97 104 88 101 112 115 101 110 106 129 102 86 87 99 100
82 75 82 79 85 85 80 90 79 85 83 82 88 76 88 89 84 80 78 80 75 76 83 86 89 87 113 175 138 114 106 91 88 85 89 78 85 85 77 78 84 81 81 82 83 87 86 86 86 81 82 96 85 83 92 89 82 97 86 92 84 102 94 87 91 104 92 94 96 97 96 107 101 102 97 101 105 124 98 114 113 100 108 111 101 94 99 91 106 114 113 102 103 111 106 106 97 88 92 96 96
80 77 88 93 87 86 89 89 83 80 83 83 83 78 84 91 74 90 85 83 79 81 81 94 90 90 154 161 136 114 103 104 85 88 84 84 75 77 84 76 78 84 85 91 85 81 97 95 79 79 85 90 87 83 89 87 77 90 91 97 79 100 89 106 110 95 83 101 118 94 95 98 99 110 93 107 102 104 102 102 113 106 106 103 93 95 105 107 98 110 103 107 103 115 98 93 99 113 108 108 93
81 76 91 81 83 79 77 82 81 82 83 84 85 80 84 83 84 88 84 79 82 84 82 93 87 99 178 156 131 105 118 116 91 88 87 82 81 85 86 87 88 86 86 83 88 91 87 82 83 92 89 85 86 80 89 88 83 94 92 95 82 107 97 96 88 91 94 119 113 92 101 96 110 110 96 100 96 103 96 126 101 96 88 90 96 112 112 103 105 98 102 112 103 93 92 93 115 107 95 88 91
84 80 77 88 91 79 86 81 84 81 80 80 79 82 86 86 88 81 82 77 90 84 81 85 85 104 150 134 134 104 114 92 93 84 79 86 85 78 85 83 84 86 81 90 81 86 79 84 84 90 92 93 83 72 95 94 86 90 79 89 95 104 84 102 90 100 96 110 97 88 98 106 101 100 87 88 92 100 105 105 97 83 90 103 119 104 101 104 115 103 107 97 96 104 101 95 101 88 92 92 89
74 80 78 82 81 78 86 81 77 80 79 78 77 83 86 84 87 85 84 79 83 81 87 91 96 134 156 149 131 112 113 85 83 82 82 84 84 81 86 76 79 78 84 87 78 75 84 88 83 91 107 88 79 84 87 91 82 84 82 102 89 92 81 97 93 109 94 97 98 105 107 104 91 93 91 94 102 99 95 84 89 83 104 104 100 110 103 106 120 100 104 100 100 105 105 92 83 87 90 94 84
80 74 74 83 81 81 86 80 75 79 80 76 78 81 86 77 87 81 78 108 86 81 89 87 97 167 158 141 133 103 97 92 83 82 77 87 82 78 85 90 83 80 85 88 79 85 88 82 84 88 101 88 82 90 82 79 92 100 87 96 89 92 98 106 109 108 103 100 109 94 104 97 90 87 102 103 98 89 92 88 99 101 106 104 106 95 116 96 90 105 94 98 107 88 85 75 83 88 90 87 89
85 78 79 80 76 86 77 78 81 86 79 74 84 79 86 84 89 86 96 98 79 82 94 84 106 174 143 139 129 114 101 95 86 86 77 85 82 82 85 85 83 80 77 83 82 80 82 85 88 81 85 92 82 78 77 86 102 91 78 82 83 96 102 88 90 111 100 103 100 93 103 91 100 110 104 97 99 94 100 108 107 94 111 104 106 107 97 90 95 96 100 99 89 82 81 87 91 87 77 97 128
74 77 76 78 76 81 80 84 86 80 76 88 81 79 86 84 92 96 96 90 78 84 88 85 116 166 151 127 118 127 91 84 82 80 78 80 78 89 83 92 86 84 83 85 79 75 81 93 85 78 81 98 81 72 88 98 95 94 74 93 107 106 93 98 99 97 111 113 99 97 93 109 107 108 90 89 89 113 105 99 109 103 98 114 91 90 96 94 104 111 94 91 83 81 85 94 91 82 96 116 134
76 76 80 79 75 75 78 82 85 88 88 90 84 81 80 81 91 86 89 108 86 93 93 86 130 161 140 124 114 97 96 84 77 76 74 76 78 76 89 85 81 86 82 86 82 88 88 87 85 88 80 74 71 80 84 100 83 83 89 102 97 96 97 106 98 101 99 97 100 91 105 89 89 87 92 104 106 105 109 102 117 106 94 104 85 84 90 89 100 104 87 92 90 86 88 81 86 95 133 126 131
73 76 76 84 74 78 79 82 80 81 79 92 84 72 80 85 78 80 89 85 87 89 87 88 161 159 134 134 114 102 123 92 80 75 79 75 74 81 80 78 87 77 81 85 88 83 78 99 86 80 74 75 84 83 88 93 99 96 90 93 97 91 100 105 94 89 92 95 103 100 98 88 91 89 101 107 100 96 112 113 112 113 93 95 93 97 111 98 94 95 91 95 87 87 86 95 116 122 119 140 139
88 82 77 88 85 73 78 80 78 82 83 85 83 80 82 92 80 83 81 80 86 85 88 90 171 150 141 122 111 104 112 99 80 87 77 80 87 86 79 81 87 89 91 91 87 80 80 84 89 73 75 92 85 83 99 93 99 97 89 94 100 93 95 101 89 84 103 101 101 95 87 99 106 116 98 102 101 91 105 105 97 93 93 95 104 103 98 100 96 108 87 99 86 85 94 114 123 135 136 119 131
80 83 80 87 85 78 83 75 84 79 81 81 85 83 82 84 87 87 82 86 80 79 78 101 160 141 157 114 131 105 92 85 87 84 75 77 78 85 85 83 81 91 88 77 82 83 88 78 73 89 86 88 81 92 93 83 89 101 97 103 93 95 94 94 96 103 109 94 91 99 90 106 104 103 95 102 106 113 100 103 111 105 102 121 102 97 97 107 87 109 78 85 86 81 94 103 130 134 139 138 128
75 83 81 77 80 83 75 77 78 80 82 82 81 80 82 80 83 77 82 84 83 86 82 113 168 146 150 121 113 97 84 85 84 82 75 79 85 82 83 72 80 94 78 83 75 78 80 75 76 90 92 95 87 102 92 84 86 101 100 99 83 87 99 100 100 101 93 90 99 105 107 98 87 98 90 113 112 105 105 117 115 119 127 105 108 102 105 92 83 81 76 81 94 100 116 113 112 121 135 149 141
77 74 81 80 76 81 75 81 81 94 85 81 76 85 83 81 80 81 80 84 83 89 79 141 171 148 127 150 101 101 92 83 83 82 81 75 81 78 77 74 78 85 87 83 82 76 81 88 87 100 98 108 87 86 92 89 90 92 96 96 92 92 93 99 83 89 94 99 111 109 99 94 93 94 101 104 100 96 104 104 109 119 110 100 102 104 94 97 88 78 86 93 117 112 139 116 122 120 131 158 145
75 75 78 88 86 81 79 80 80 83 84 84 79 85 84 86 86 87 82 86 86 91 78 160 172 128 134 147 95 106 83 90 80 89 72 79 77 73 79 82 80 78 90 80 77 79 91 84 86 93 97 87 87 77 94 89 84 79 84 86 99 89 87 99 85 85 93 100 95 96 94 104 102 100 94 101 111 107 103 99 97 100 98 95 103 81 88 89 75 80 105 111 129 123 128 142 115 117 116 138 143
74 83 76 78 82 84 84 83 82 83 78 83 85 85 86 78 90 80 79 82 85 86 92 153 144 131 148 114 87 95 80 83 83 90 79 75 77 79 80 79 77 82 79 78 81 90 90 84 97 95 82 96 85 81 108 87 84 83 89 97 93 92 89 90 86 96 102 92 107 87 106 99 103 106 92 104 118 102 102 99 95 102 100 91 103 92 84 77 87 87 108 128 113 130 130 127 134 132 119 117 131
74 74 78 75 77 88 75 74 78 82 76 86 82 73 86 76 82 87 80 83 88 80 108 176 145 140 153 113 92 87 70 86 83 82 74 76 73 76 76 81 78 81 80 81 87 79 88 90 83 82 79 93 90 83 79 70 75 87 95 92 82 85 80 86 112 95 97 104 97 97 105 96 98 97 89 103 98 91 94 94 90 108 99 97 95 92 94 83 105 109 114 119 122 115 141 134 124 145 127 107 101
71 71 78 78 84 93 81 79 83 77 80 79 80 74 89 78 80 85 91 82 96 79 124 191 151 156 124 114 102 82 84 77 87 86 79 80 81 71 78 81 76 76 88 86 79 78 97 84 79 80 81 89 92 78 73 75 86 107 87 90 97 84 92 97 101 86 106 100 98 113 101 100 106 99 107 97 95 90 90 93 92 92 94 88 87 88 95 99 108 130 127 115 128 121 121 138 121 121 119 112 112
68 74 71 82 78 78 73 78 79 86 80 83 79 81 93 84 79 88 83 75 88 77 116 182 143 132 125 113 82 87 88 79 87 89 81 86 79 80 80 81 72 92 82 81 80 78 99 80 77 85 80 88 81 78 81 85 90 86 91 90 97 94 97 95 97 89 108 93 94 97 102 98 97 127 98 91 90 92 105 101 87 94 89 86 90 93 112 124 109 120 129 136 135 119 132 120 138 130 121 114 109
73 75 74 76 74 80 74 79 83 74 87 88 79 78 86 79 77 79 86 81 81 77 119 171 157 128 114 102 83 89 84 94 80 85 81 85 77 82 79 84 90 87 79 84 84 77 82 75 76 83 81 79 73 84 91 83 91 90 95 84 103 85 88 97 97 100 97 92 97 92 100 98 93 91 91 82 94 101 98 93 86 94 94 89 93 97 111 123 123 115 120 145 143 118 124 120 123 122 119 101 122
68 77 78 74 71 78 69 84 75 79 82 77 86 82 79 77 76 80 82 80 87 79 160 173 143 137 107 104 96 87 95 88 91 91 82 83 86 85 77 79 83 82 88 89 76 71 84 90 80 78 71 77 78 93 90 84 106 94 93 90 89 87 88 95 101 96 103 101 98 104 94 88 88 87 89 93 107 89 87 97 84 99 89 86 102 114 107 110 124 127 106 134 130 126 112 114 118 114 122 121 116
72 79 73 76 77 88 78 76 76 76 77 79 75 75 83 77 82 86 79 85 87 86 172 157 141 141 95 101 94 98 98 84 94 87 82 84 90 78 82 88 83 79 83 79 74 73 84 94 80 75 74 87 79 82 75 83 90 93 79 83 81 82 87 94 91 95 105 99 97 114 92 87 89 90 103 102 92 89 94 95 92 110 87 105 123 109 107 103 120 129 127 115 131 126 113 110 111 130 114 122 136
71 74 80 75 71 84 75 73 80 81 82 76 79 76 77 80 89 76 80 90 81 97 170 151 138 132 102 97 96 96 84 90 91 82 83 87 81 87 87 81 83 86 78 82 73 83 82 82 81 82 89 95 77 79 78 89 86 76 84 78 91 92 93 94 93 93 89 98 87 91 85 87 93 93 102 96 89 93 101 93 90 102 105 121 120 114 120 107 110 121 127 114 120 120 114 117 107 123 129 125 147
76 71 76 77 73 79 79 85 79 74 76 80 77 79 82 77 85 79 75 92 84 109 165 155 130 121 132 117 93 97 84 84 94 90 81 77 75 85 86 90 101 88 77 84 81 86 80 78 79 88 81 88 86 82 90 87 80 85 89 86 103 92 89 99 96 100 99 92 88 96 85 93 104 93 91 99 96 101 98 92 94 119 131 114 117 104 129 117 106 106 110 119 115 104 113 123 128 114 120 147 127
73 73 70 79 73 76 78 78 80 76 79 77 76 79 72 75 86 73 81 81 75 130 181 138 129 112 131 102 89 92 94 79 90 99 79 75 81 90 83 87 89 83 89 95 85 90 85 85 86 82 78 87 81 88 85 84 87 85 90 90 82 91 87 96 109 95 102 86 86 94 99 102 91 103 99 91 94 95 91 99 106 117 141 122 112 124 115 123 123 110 112 113 118 106 109 121 121 141 112 99 101
86 81 82 80 73 77 80 87 76 85 82 78 79 80 77 77 81 75 82 80 81 168 167 150 133 130 93 102 106 81 94 80 86 90 86 74 75 76 88 80 80 89 87 82 86 88 90 95 85 81 80 96 82 81 86 87 90 94 89 87 84 93 91 105 92 85 88 92 90 98 101 95 103 104 101 99 96 92 95 111 129 122 114 135 111 117 138 116 120 110 110 96 124 117 117 106 131 149 115 99 112
81 89 81 78 79 79 78 80 80 82 72 81 83 77 73 81 84 73 84 82 92 150 156 151 134 135 88 118 111 89 92 93 95 83 88 87 77 75 91 76 81 85 83 80 95 87 84 84 82 88 89 97 84 74 86 92 92 83 83 87 88 98 96 92 90 87 91 96 104 88 94 111 105 96 94 82 85 90 104 118 119 122 117 116 137 113 128 129 111 112 109 97 117 115 126 123 116 95 109 103 122
79 80 75 75 83 73 78 80 77 77 75 76 76 76 71 73 78 76 79 72 104 158 151 145 134 113 110 121 101 95 90 94 85 90 84 80 80 77 84 82 83 83 82 80 94 78 83 78 87 90 84 100 79 86 90 98 89 83 80 86 91 88 87 92 93 84 111 93 105 94 101 103 94 96 84 92 94 102 120 113 113 112 123 115 124 128 115 117 115 105 102 106 115 115 134 159 107 95 95 112 130
76 77 72 76 86 70 82 74 76 72 75 79 74 78 72 75 80 81 80 80 129 173 169 149 112 113 119 98 110 107 88 93 84 85 77 78 83 78 78 86 87 81 87 82 89 79 82 83 92 85 77 86 97 85 94 91 90 96 96 90 83 95 86 85 96 91 87 92 107 106 98 90 83 89 86 93 102 118 129 120 103 128 118 122 124 120 114 115 114 105 105 111 121 110 120 107 90 106 108 129 116
78 75 83 70 75 73 80 78 77 81 92 76 80 72 77 75 72 83 84 76 136 173 145 134 129 120 106 102 108 99 106 106 92 85 83 86 86 76 82 82 82 83 85 77 82 76 80 81 83 83 82 79 88 81 84 94 99 99 98 82 87 105 92 94 100 81 95 105 110 100 89 86 85 92 87 108 123 123 123 122 116 113 125 123 110 125 107 116 105 116 113 109 133 90 92 105 94 117 125 122 114
70 83 79 70 82 77 75 79 76 79 78 74 72 71 72 74 73 79 85 77 137 191 155 130 137 115 108 131 98 90 95 115 97 83 93 87 88 80 88 76 88 85 81 82 81 79 82 82 92 80 82 82 81 78 85 86 84 83 87 87 89 106 107 106 95 92 107 98 104 95 92 86 91 82 103 121 120 122 127 126 125 111 112 130 107 125 108 115 106 117 124 117 93 94 103 106 114 105 122 122 124
68 88 69 75 70 75 79 74 84 78 76 82 73 70 76 81 77 84 86 80 164 184 145 142 127 103 128 131 90 101 90 97 83 86 92 82 84 89 87 78 82 81 82 77 89 97 80 86 89 83 75 82 83 85 94 78 74 82 80 81 90 96 100 87 104 90 104 93 91 93 108 95 86 105 112 120 114 121 111 112 130 109 102 107 107 102 108 109 112 136 113 100 106 108 104 109 119 121 106 116 124
73 75 75 76 69 76 76 78 80 79 78 80 75 67 86 83 75 76 84 72 169 163 144 142 99 116 128 102 87 125 100 98 97 95 84 86 84 93 82 81 83 78 88 88 82 88 82 89 83 83 84 83 79 98 106 78 76 79 81 84 84 85 79 91 101 95 96 94 89 103 93 85 100 108 114 126 114 121 131 117 119 117 115 103 110 112 118 115 137 139 94 95 119 113 113 116 136 119 121 114 120
70 76 76 75 73 76 78 75 72 79 76 79 74 72 81 80 76 84 84 84 157 163 147 115 118 120 95 115 91 93 93 104 95 90 86 103 82 82 88 84 82 81 90 86 77 80 84 97 87 74 85 90 81 81 81 80 66 89 92 92 99 81 87 105 99 102 86 92 97 100 86 101 117 114 107 112 103 119 130 118 114 116 114 118 96 112 119 123 141 109 91 107 108 105 119 124 132 120 117 132 120
74 78 72 76 79 81 80 76 79 75 77 76 80 69 70 77 78 78 84 88 168 173 130 119 132 118 104 130 93 83 116 96 99 91 105 93 78 89 107 97 80 81 83 79 79 80 81 86 77 80 93 85 75 84 83 91 93 101 86 83 119 86 94 94 91 82 92 102 90 89 100 107 113 117 96 108 122 111 126 121 121 104 115 119 114 112 130 148 100 92 95 99 111 117 108 125 119 121 120 115 135
70 72 75 76 72 78 79 76 74 81 75 83 72 76 77 83 77 81 82 96 187 165 140 143 104 123 129 100 93 101 103 82 90 99 100 94 81 84 99 87 87 85 74 78 77 76 78 77 77 85 95 91 81 90 88 99 94 80 92 91 97 98 96 83 79 82 95 95 94 110 118 104 127 123 108 118 128 122 107 113 121 106 104 112 119 131 107 90 95 89 99 116 117 109 115 114 127 116 114 122 123
71 71 78 76 77 81 74 77 75 81 79 78 80 81 72 75 79 84 77 92 182 167 142 125 102 134 120 87 122 134 127 94 96 94 94 98 89 80 82 87 87 81 79 76 87 75 78 87 86 72 79 89 82 90 89 91 83 84 90 106 94 100 87 78 83 92 86 91 110 123 113 113 102 113 110 112 111 125 105 101 117 116 103 118 118 131 91 92 92 101 104 110 124 110 119 113 116 134 126 120 121
73 72 78 70 76 82 70 73 77 79 78 80 73 76 73 73 78 80 79 86 169 167 140 107 136 115 109 108 107 127 95 129 117 98 88 103 102 83 90 86 79 84 80 79 82 80 84 96 89 69 82 86 84 99 85 88 87 92 93 101 81 82 81 84 86 88 79 98 113 113 123 119 94 113 109 118 102 118 122 95 110 125 123 103 106 103 98 99 105 117 102 115 114 123 111 115 107 114 143 123 128
73 71 72 76 74 77 68 85 77 73 75 75 76 72 72 81 74 86 79 84 176 165 124 116 133 103 97 113 105 108 85 125 116 91 90 92 97 83 98 89 82 93 80 79 83 79 81 88 76 67 73 88 86 87 77 81 83 94 95 86 84 89 84 87 79 87 94 116 115 115 110 114 111 106 96 111 122 118 108 109 107 124 151 97 90 98 107 102 104 120 118 114 118 121 125 126 122 116 123 141 134
72 73 80 83 75 76 77 79 77 71 76 75 70 73 76 80 76 89 79 96 185 168 131 135 100 133 118 105 90 110 104 101 93 89 98 95 84 89 97 87 88 100 83 94 81 74 75 75 66 69 80 90 78 81 79 84 93 90 84 91 84 95 84 81 78 107 103 113 119 111 112 112 109 116 92 102 120 110 106 117 116 117 121 89 92 96 97 102 105 120 117 120 122 120 124 120 116 121 123 111 137
76 78 83 79 72 75 74 78 79 79 76 81 76 75 75 79 87 92 81 97 173 170 124 108 109 136 107 94 91 108 104 92 94 100 93 90 105 101 91 81 99 91 87 83 90 81 74 74 76 80 87 69 71 87 82 88 91 88 98 79 93 91 78 82 108 114 120 107 112 108 115 106 110 113 103 95 108 122 96 128 139 124 90 96 100 98 110 109 117 110 120 122 118 109 136 118 121 110 109 122 120
74 75 76 77 75 74 77 76 82 82 73 71 76 76 70 84 75 88 77 92 192 154 103 114 129 119 87 118 130 107 85 121 121 110 87 85 116 89 92 95 90 91 89 83 83 78 79 87 83 87 79 69 72 77 89 79 82 85 85 85 87 75 93 101 106 114 103 109 101 103 113 103 106 104 112 114 103 117 112 139 105 99 100 98 96 112 111 102 109 102 117 115 116 121 117 122 117 119 113 110 131
74 73 72 73 73 70 75 72 80 76 77 71 73 73 74 83 75 84 77 102 182 136 108 125 123 104 90 132 117 95 86 122 123 99 90 93 105 88 92 108 93 94 86 81 80 79 84 79 82 74 76 76 84 73 86 82 82 82 82 81 73 79 104 118 112 114 114 98 113 108 97 108 100 100 107 110 102 116 132 121 82 101 111 101 96 118 104 103 105 109 121 120 130 126 116 110 117 116 106 101 109
72 72 70 73 76 70 77 74 74 80 70 74 72 74 71 80 78 81 77 110 174 134 123 139 95 109 123 107 94 107 99 109 95 86 106 101 92 82 101 105 90 103 88 84 77 76 92 78 75 76 78 80 94 74 81 84 81 77 77 77 83 101 113 119 112 114 107 105 117 107 96 107 111 101 103 118 118 110 99 93 86 100 102 111 111 116 113 112 112 104 110 114 125 120 129 104 101 124 118 118 107
74 72 78 72 81 78 72 74 82 75 72 73 71 73 75 80 77 83 70 128 181 136 123 98 111 119 123 105 95 115 105 92 98 89 100 96 94 98 100 89 92 118 86 88 77 78 85 77 80 89 90 83 81 80 84 99 83 80 76 86 99 120 120 114 116 117 108 111 100 107 108 92 117 102 114 118 119 87 91 104 100 100 93 110 115 108 126 115 123 101 116 114 115 109 133 105 109 112 116 117 112
79 72 77 71 86 79 75 72 73 71 76 74 75 71 70 75 76 74 69 152 175 138 103 100 133 116 95 106 126 107 101 81 116 105 88 90 91 99 87 80 97 100 77 79 85 77 96 77 76 89 79 88 79 82 82 83 80 91 92 103 111 100 115 103 118 100 105 99 104 109 94 91 105 116 128 109 82 99 108 111 103 100 109 107 113 115 112 114 123 110 112 107 105 116 121 105 107 123 102 117 139
78 82 80 73 77 76 76 74 79 70 76 73 75 69 75 74 83 76 74 161 171 118 109 117 115 118 95 115 125 104 102 91 116 103 97 109 103 89 85 99 101 101 86 85 93 76 94 78 87 82 80 84 78 85 83 82 73 97 119 106 121 116 114 112 108 111 96 119 105 114 91 114 103 103 135 101 82 101 116 107 104 104 121 109 113 115 106 115 114 136 107 95 109 104 113 108 108 133 123 96 105
75 75 78 70 67 80 72 74 78 74 77 75 70 71 73 77 73 75 81 145 157 110 128 133 105 104 125 127 115 91 122 111 98 81 113 124 91 85 86 97 91 104 102 82 90 80 91 85 85 88 73 90 81 81 78 78 79 98 105 104 114 119 112 112 114 105 104 100 100 107 103 110 110 112 100 90 98 95 102 99 108 125 120 117 124 104 97 119 126 125 122 104 106 117 106 120 121 102 115 101 109
70 72 77 74 70 73 73 73 74 80 79 79 70 71 70 68 78 76 82 172 134 122 150 116 105 126 121 115 108 104 104 114 88 90 106 113 84 100 101 88 90 95 107 82 82 85 99 81 84 82 77 91 84 79 78 89 95 109 113 90 106 111 112 113 107 95 110 105 117 103 124 112 103 90 93 99 105 99 91 104 105 122 125 107 113 117 109 118 116 126 107 103 102 121 107 117 134 82 108 112 115
70 73 75 73 69 73 72 74 74 74 77 70 69 69 70 71 79 69 90 188 143 134 120 104 132 130 112 98 118 114 105 101 98 107 94 95 82 128 103 77 91 100 101 77 89 85 87 70 82 83 77 84 77 76 82 100 102 106 117 103 98 104 109 118 111 105 100 117 110 118 123 103 91 90 101 113 100 105 102 105 108 115 110 115 106 124 124 121 111 117 111 111 103 118 132 99 99 97 104 117 114
83 74 70 71 73 74 73 81 82 80 76 70 68 65 72 72 77 69 96 186 158 130 119 132 141 115 114 113 143 109 100 112 115 107 87 118 99 93 89 78 100 105 102 83 103 87 79 73 81 81 74 78 73 78 109 100 104 103 102 115 89 99 104 104 123 102 100 111 115 117 118 87 92 100 107 99 97 106 122 121 109 117 106 118 117 115 121 128 105 99 113 117 118 119 99 92 100 110 115 103 123
80 75 77 69 75 71 76 81 71 76 70 76 68 69 71 69 75 71 94 160 146 136 126 154 125 103 115 145 151 94 93 141 127 98 82 137 100 89 83 86 90 100 95 92 100 84 79 83 83 73 71 82 75 85 105 94 112 110 106 103 101 100 104 104 122 107 100 112 116 109 96 89 109 104 107 97 104 123 111 113 114 111 99 107 117 117 117 108 102 113 118 128 115 94 112 109 106 116 126 107 122
81 75 74 70 76 74 73 72 75 72 69 76 71 74 68 72 78 70 102 181 130 146 153 124 107 123 142 147 105 98 113 114 98 111 111 101 98 84 107 99 88 88 119 97 87 78 87 101 79 74 70 77 84 85 118 93 102 111 108 104 117 105 99 109 103 127 99 121 115 88 94 102 116 111 92 101 120 111 122 101 112 112 113 104 117 121 101 107 115 115 116 124 101 111 110 116 115 109 113 115 117
71 76 72 75 74 75 71 71 71 70 69 74 67 67 71 66 79 70 96 194 143 166 132 109 123 126 140 107 92 134 126 97 80 132 115 92 86 100 128 95 85 85 128 91 92 88 89 90 73 74 72 75 84 93 106 99 103 103 109 107 107 112 99 100 115 123 115 101 112 88 89 124 101 98 101 112 118 113 107 107 99 101 108 109 100 120 102 103 115 112 87 93 105 115 113 111 123 112 109 120 115
71 75 76 72 77 82 72 70 85 73 68 77 66 68 73 73 80 73 86 183 176 149 117 124 158 127 103 114 126 140 101 106 97 130 103 86 104 122 109 85 106 99 97 79 104 113 82 81 78 79 79 83 97 101 99 99 112 97 102 102 98 110 103 103 110 118 120 85 82 94 99 105 109 93 106 109 124 108 115 117 104 110 116 116 117 112 103 115 116 103 93 96 99 129 113 105 117 123 118 115 111
74 76 71 77 72 74 72 69 75 72 70 71 67 74 70 67 78 70 78 172 159 129 135 157 145 122 110 148 139 99 84 123 98 105 89 92 99 100 91 80 115 115 94 76 113 97 86 76 78 97 97 87 93 107 97 92 99 106 95 109 94 107 105 103 107 121 134 74 94 110 110 99 102 106 117 114 109 117 107 123 113 98 113 115 106 108 108 122 103 91 102 120 91 109 110 108 116 129 118 115 116
74 71 77 75 71 71 75 68 74 66 79 73 70 71 75 67 77 69 83 188 141 144 154 143 103 109 151 160 108 106 104 128 99 86 107 109 93 83 88 90 93 98 83 96 99 94 91 105 102 77 106 93 91 87 101 94 94 113 102 105 92 109 106 121 103 93 95 81 86 108 104 98 110 109 124 103 114 106 116 118 114 94 104 104 111 119 103 90 99 102 106 120 102 105 115 118 115 115 141 119 106
70 72 77 82 71 71 84 68 67 63 72 70 71 67 64 67 75 71 90 185 162 181 149 114 128 144 155 127 99 117 119 112 101 100 119 106 84 89 131 106 92 92 106 114 85 75 86 104 77 83 80 101 113 86 95 98 84 99 106 106 96 104 101 131 108 78 100 96 104 101 104 111 113 99 121 114 111 102 112 105 113 106 107 103 113 115 91 94 99 96 113 99 113 116 112 116 112 112 134 125 113
75 74 77 76 66 71 75 73 75 67 79 72 63 60 68 64 73 70 78 164 178 164 126 122 147 155 126 108 136 131 108 95 110 127 109 82 85 99 103 86 85 96 117 95 77 84 89 92 81 96 83 92 102 107 88 97 96 91 106 103 101 113 109 99 95 96 110 97 100 90 112 115 112 103 102 112 100 109 107 94 103 111 112 102 94 97 103 93 110 98 103 104 110 114 107 113 116 107 117 106 118
76 72 71 79 76 69 74 64 70 70 66 63 67 63 68 68 75 73 80 171 188 118 139 158 153 115 130 125 144 120 101 104 112 118 92 93 115 101 89 72 97 131 99 82 95 108 88 86 81 89 94 86 87 91 92 89 89 94 101 99 104 113 114 78 98 97 111 99 99 110 117 110 109 107 99 107 100 107 105 103 119 113 117 94 99 103 110 96 111 103 101 111 112 105 116 117 110 121 109 95 108
69 78 70 72 82 72 72 67 74 72 80 68 64 71 73 62 84 83 77 187 164 116 160 170 123 112 137 156 127 107 110 129 117 101 103 105 89 77 91 69 104 97 87 86 102 102 81 88 89 83 86 85 82 95 97 94 89 99 97 105 102 102 90 84 95 96 102 108 111 104 111 103 103 116 108 102 104 107 105 108 116 105 104 90 103 104 100 112 103 103 104 102 118 103 112 112 99 111 107 94 111
76 84 73 78 72 74 70 68 68 68 67 68 65 71 66 68 78 75 64 178 167 162 162 124 103 136 147 141 101 133 131 142 103 96 118 112 82 67 101 83 86 76 85 127 101 88 79 86 99 83 83 91 91 92 95 106 101 93 106 99 97 87 76 100 98 102 89 105 112 108 107 109 112 102 100 118 103 119 113 110 107 94 97 95 106 97 105 114 104 98 116 109 102 120 100 103 113 107 98 117 117
79 70 72 76 69 75 71 65 67 69 68 71 63 66 69 70 76 74 71 124 177 164 139 116 137 141 138 107 113 163 133 104 116 94 97 88 83 81 91 78 74 74 96 109 82 76 89 77 91 79 88 88 90 93 98 106 93 90 109 85 89 81 93 105 109 101 104 113 114 116 112 96 103 103 98 99 108 101 115 118 94 96 118 113 107 90 116 108 108 107 110 112 112 111 122 99 105 96 103 117 117
80 75 74 76 76 74 72 72 75 74 77 74 69 71 68 68 74 76 69 108 193 154 120 136 159 120 106 129 162 165 106 96 136 105 86 80 98 80 92 71 77 96 91 90 86 82 97 94 85 86 95 83 85 97 89 93 105 96 108 78 84 86 97 98 101 102 106 130 109 103 110 104 103 106 110 98 105 110 113 92 109 112 100 109 102 102 109 120 109 118 105 107 114 112 108 106 99 93 119 120 116
83 70 80 73 72 74 73 69 82 73 67 77 72 66 64 71 73 81 78 84 192 139 139 161 124 112 132 161 159 114 118 144 127 94 106 88 90 80 74 67 87 88 73 85 87 89 91 87 103 86 84 97 83 92 85 85 103 105 89 70 91 100 97 89 98 109 107 111 113 104 111 119 107 102 113 106 103 101 103 91 96 104 108 104 101 115 107 117 112 107 113 106 114 113 105 103 102 112 109 112 116
76 73 74 72 84 77 77 71 71 74 68 71 68 70 65 69 66 72 76 72 138 167 164 138 117 133 146 167 118 115 147 151 107 95 108 102 91 81 81 82 86 75 84 82 97 105 87 83 100 95 87 104 90 93 102 101 91 113 90 80 96 109 100 92 106 115 115 108 103 116 100 106 111 105 102 106 125 85 93 99 96 103 105 106 106 108 113 116 108 116 102 107 107 119 105 101 116 117 124 112 118
82 81 70 70 81 73 73 71 78 73 72 64 76 69 63 68 69 74 79 65 140 191 140 124 138 150 155 114 120 143 137 119 113 124 115 91 81 83 88 80 77 73 104 96 87 105 116 86 80 100 84 106 91 93 109 93 96 89 81 96 91 96 96 98 108 115 118 111 101 104 113 107 93 120 99 110 112 90 93 98 95 98 102 103 109 109 107 119 110 109 108 103 108 94 103 111 108 111 117 115 109
81 78 71 82 75 71 70 70 77 74 68 75 65 67 63 68 66 69 86 70 154 189 131 146 147 152 124 119 142 151 119 118 125 108 91 90 88 96 83 78 77 87 123 108 105 86 118 110 86 97 84 123 98 99 94 88 91 78 88 97 100 93 100 108 95 110 109 112 109 105 115 116 101 113 106 91 92 110 95 102 103 89 115 118 101 112 120 106 110 123 105 115 104 90 104 111 107 111 114 117 111
86 84 68 81 74 80 68 75 72 71 71 78 70 61 70 72 70 68 78 64 109 166 154 169 155 121 136 140 157 120 104 167 144 93 99 85 99 88 89 81 85 94 126 123 113 104 94 127 98 80 91 94 101 86 94 95 77 86 104 97 99 97 96 111 103 106 116 107 117 109 107 114 111 125 101 97 102 100 99 98 104 101 100 104 114 106 114 111 107 112 105 100 100 103 104 109 119 108 121 106 120
80 78 70 78 70 72 75 70 72 70 66 72 67 66 68 67 67 71 76 66 76 162 183 140 111 121 152 162 123 117 140 175 116 101 119 96 91 87 96 82 95 112 116 121 124 101 82 104 124 83 95 101 94 84 95 99 82 89 110 92 104 100 99 104 116 99 105 108 111 110 106 123 109 89 94 104 112 105 92 103 101 108 106 108 109 117 113 108 109 96 98 98 99 104 119 104 109 122 108 106 117
76 70 77 77 69 74 71 71 73 65 72 68 66 75 73 75 71 73 78 78 74 172 195 119 113 147 154 135 128 131 145 123 120 117 89 89 82 81 88 86 111 101 113 90 118 117 88 88 113 109 90 111 93 88 78 91 88 89 107 84 101 99 103 93 116 107 107 116 101 119 109 118 95 89 98 113 102 113 95 95 104 121 110 106 113 113 116 112 105 107 103 100 102 120 116 112 112 108 117 120 112
74 67 74 82 70 80 66 73 76 66 79 67 77 72 69 75 69 66 79 74 76 150 173 137 152 145 122 117 132 150 126 111 128 129 87 88 102 89 82 97 110 90 119 103 98 135 101 99 98 127 103 105 81 84 80 101 98 103 94 99 108 108 110 95 107 120 116 104 101 101 124 116 91 102 107 113 107 114 91 97 100 114 112 114 103 110 117 106 103 99 97 108 112 120 110 99 110 103 116 114 115
77 83 73 85 80 76 70 71 69 79 82 72 76 69 79 72 68 71 67 74 71 101 158 174 166 115 128 129 156 127 102 142 140 100 103 91 95 93 83 83 114 99 107 125 95 114 127 116 92 105 112 104 78 84 94 94 99 90 103 95 124 107 94 114 105 102 123 108 108 99 112 89 100 108 99 104 111 102 104 102 104 104 99 126 106 108 106 105 97 94 119 110 125 125 103 106 110 106 105 111 101
71 71 70 77 75 79 78 72 72 69 74 77 74 70 70 63 61 70 68 75 69 70 168 189 135 121 137 169 121 113 132 157 114 102 127 103 90 88 87 78 102 113 111 125 92 110 115 133 99 83 104 93 81 96 109 98 99 91 105 98 98 109 101 103 107 95 105 109 105 98 95 98 95 107 108 110 99 97 106 103 112 109 105 112 108 107 102 99 94 104 104 128 121 109 120 113 106 115 97 109 119
82 78 78 72 79 74 69 71 70 72 74 73 76 70 68 71 70 69 67 69 77 67 138 186 135 147 144 130 122 131 151 142 104 125 133 94 84 102 109 86 80 101 119 123 104 88 99 121 123 103 80 84 81 84 100 96 107 110 111 112 97 110 118 101 104 111 109 112 99 86 99 115 108 97 113 110 99 110 99 100 101 107 111 102 112 106 101 95 94 114 105 116 103 112 107 111 102 109 109 113 112
77 80 77 74 83 73 70 69 77 81 76 77 76 71 74 72 72 66 75 66 77 78 91 164 166 159 117 119 148 145 121 110 121 144 116 93 101 110 115 114 91 87 121 106 127 86 88 96 123 92 94 97 90 90 98 100 101 109 113 119 110 98 117 105 103 111 111 108 100 98 98 106 112 101 116 105 106 101 106 99 99 101 102 124 104 94 111 113 104 106 117 113 105 104 103 114 108 114 109 125 126
83 76 71 76 73 72 75 75 73 74 74 74 75 77 76 74 75 73 73 68 72 72 69 158 186 135 126 138 137 135 102 130 164 117 111 108 124 105 90 128 115 90 89 94 131 91 84 92 112 90 80 90 93 98 88 105 101 112 102 111 103 103 109 99 112 102 99 97 80 93 117 88 111 101 97 118 107 112 108 104 101 98 97 112 105 100 113 124 141 124 114 128 114 107 101 112 103 118 123 130 130
80 72 71 74 73 69 73 72 69 74 77 77 75 78 70 75 76 65 66 69 70 82 61 144 191 132 143 163 119 110 133 155 134 108 125 129 141 111 100 101 128 113 77 104 126 111 80 95 89 85 82 87 105 95 87 108 106 109 99 105 112 115 101 95 114 96 80 81 108 91 115 101 102 111 94 103 116 102 114 100 106 111 94 100 94 101 106 101 122 121 111 115 115 118 101 117 109 114 120 132 123
68 77 75 72 76 76 75 72 77 74 76 81 73 86 74 78 74 69 66 71 72 76 63 126 175 159 149 116 123 130 148 146 106 127 141 136 111 114 123 105 111 126 103 91 115 128 89 87 76 76 88 93 106 105 102 107 109 109 106 111 96 124 117 96 91 86 85 87 104 95 95 114 99 111 110 97 105 115 106 109 100 109 102 100 91 99 129 112 122 107 97 90 86 95 101 110 122 112 119 124 117
76 77 79 79 75 72 74 72 80 75 78 71 73 79 80 75 73 72 71 76 76 83 71 104 179 189 140 109 143 158 156 98 120 150 140 124 107 115 139 130 94 132 139 85 95 122 115 80 71 81 88 111 102 100 110 110 124 100 105 115 100 104 113 112 86 82 93 105 100 102 89 97 102 105 118 99 99 110 98 108 108 113 92 106 100 104 120 124 111 110 116 111 98 102 84 78 107 119 121 118 114
69 80 76 80 75 76 75 67 73 68 77 75 69 76 76 85 73 71 67 73 69 73 79 67 132 193 129 157 144 147 122 119 151 139 111 118 117 107 126 150 106 110 136 110 77 98 127 82 80 87 88 114 93 96 102 115 110 108 102 106 105 99 108 103 83 108 111 100 107 92 101 98 103 106 110 108 106 100 104 110 101 107 95 92 97 115 109 120 107 115 120 111 113 110 111 95 82 94 115 101 119
68 77 73 78 75 78 72 71 73 74 69 83 76 80 79 78 67 81 70 67 75 76 79 74 97 160 172 177 145 127 118 150 155 110 116 117 113 112 120 132 133 106 98 123 84 82 84 76 77 90 87 108 98 109 98 91 109 115 115 113 97 103 102 81 99 103 114 108 108 92 109 105 91 107 105 95 100 110 113 107 102 102 99 97 120 113 109 111 99 112 110 108 114 124 111 113 119 101 94 83 90
69 68 73 71 75 71 70 74 78 77 75 73 76 80 74 67 75 80 70 68 86 72 78 81 75 113 191 165 127 138 157 156 120 117 127 131 111 119 126 118 144 127 90 122 91 75 70 71 79 96 97 96 115 104 97 97 91 113 103 105 98 93 84 80 113 107 107 110 107 94 101 109 95 94 108 96 94 106 105 101 98 110 101 109 112 104 120 107 119 106 106 124 106 102 95 83 110 118 101 88 90
