181 181 180 181 183 185 186 196 203 200 195 196 200 203 198 184 161 142 138 144 148 147 134 131 134 143 150 156 166 176 186 193 211 238 215 178 152 159 169 153 159 189 214 219 207 190 200 214 210 184 168 170 170 162 157 162 168 182 189 164 136 134 125 127 118 115 123 119 117 130 119 115 113 117 124 128 126 122 126 127 128 129 130 130 129 129 127 125 123 122 121 119 115 111 95 94 92 86 78 75 80 88 76 81 76 75 87 93 87 82 81
191 189 185 179 173 169 172 188 198 198 200 208 211 208 197 176 153 145 152 161 161 155 125 125 132 141 147 152 164 177 190 185 217 235 245 192 166 150 175 178 180 173 183 222 231 198 194 199 196 182 171 169 170 170 159 159 166 176 178 168 147 128 116 128 125 120 122 114 111 123 120 118 117 121 127 129 127 123 126 127 128 130 130 130 129 129 131 128 124 122 119 115 109 105 96 92 90 89 89 95 112 129 142 126 118 100 76 80 90 79 79
192 191 188 182 175 170 173 188 196 193 199 212 213 203 182 169 158 161 168 165 148 132 99 98 106 124 140 152 165 175 193 186 209 226 242 206 185 169 183 187 202 196 178 201 231 227 206 192 179 177 175 170 169 172 160 157 171 171 156 161 156 121 119 130 125 118 120 113 105 112 119 120 123 127 130 130 128 125 127 128 129 130 131 130 130 129 131 128 123 119 115 110 103 98 84 84 97 126 156 181 203 219 214 191 197 166 91 77 92 68 75
183 187 190 191 189 187 186 198 199 190 194 208 206 191 171 168 170 176 171 143 102 73 70 67 77 103 133 154 167 175 189 184 194 217 233 230 224 223 207 161 173 212 202 188 205 221 224 192 169 171 176 169 164 167 159 156 176 168 138 152 159 115 129 133 120 109 114 111 104 108 118 122 127 131 132 130 128 127 127 128 129 130 131 131 130 130 126 123 119 115 112 107 101 96 97 95 111 148 182 195 196 195 231 216 246 218 114 84 99 65 71
188 188 188 192 200 208 200 190 186 194 205 206 199 193 179 185 175 158 131 83 46 43 46 30 51 97 130 156 179 186 183 185 193 211 226 228 215 201 198 189 176 172 183 200 210 213 208 191 175 172 177 175 165 155 153 165 168 156 144 142 142 140 130 130 128 122 115 109 106 106 117 116 119 127 132 127 120 119 119 135 144 138 134 137 137 132 129 124 118 115 111 103 96 92 103 114 134 154 169 183 199 212 220 220 236 237 177 95 73 100 95
189 189 187 189 196 203 191 190 191 195 200 202 194 185 199 194 171 143 121 96 81 85 54 30 41 85 125 159 184 188 189 188 193 207 221 226 219 210 206 198 185 178 185 199 207 207 198 181 170 171 173 165 156 153 153 164 165 150 137 135 139 141 131 131 130 124 117 111 109 109 111 131 131 121 121 123 125 136 147 126 112 127 158 180 182 175 139 127 118 117 112 101 97 99 122 140 161 171 173 182 203 224 207 222 243 240 198 152 146 167 160
191 189 185 185 190 195 187 195 196 192 195 201 196 184 191 175 147 123 117 122 129 133 94 55 45 77 119 158 180 178 196 194 195 204 216 225 225 221 213 207 193 181 183 194 199 197 183 168 163 171 168 152 146 153 161 166 162 146 131 128 131 135 131 132 131 127 120 114 111 111 110 139 131 114 125 128 123 135 145 119 115 143 171 185 203 225 164 140 121 118 113 103 107 122 153 165 178 183 185 193 207 218 211 213 211 203 195 195 202 208 207
189 188 184 182 185 189 191 199 199 192 195 204 196 178 140 115 96 97 115 146 161 153 128 77 51 71 111 155 178 173 198 197 197 204 215 224 228 228 217 212 196 178 176 188 194 190 171 159 161 172 165 144 141 155 172 168 159 146 136 130 126 123 129 130 130 127 121 115 112 111 118 132 117 115 141 137 116 125 132 115 126 164 180 173 187 219 198 159 125 114 107 103 121 149 173 176 180 187 199 208 205 197 202 175 150 153 180 205 211 206 207
184 185 182 180 182 185 192 199 201 200 202 199 176 150 111 68 53 76 112 156 177 163 141 90 59 71 108 156 187 186 192 194 198 205 213 220 225 228 220 218 201 179 175 189 196 191 163 158 163 173 165 146 145 159 172 160 148 146 147 141 129 118 125 127 129 126 120 115 111 110 123 122 113 124 144 133 124 143 130 108 117 162 191 182 175 183 216 170 123 98 90 96 126 159 169 182 193 197 201 203 194 182 152 132 128 154 183 192 189 187 184
175 180 180 180 183 186 189 193 200 205 199 179 150 128 137 69 47 76 108 151 184 178 164 122 91 88 107 149 184 189 182 186 193 199 204 211 218 223 222 225 212 188 183 196 200 192 159 162 168 171 164 154 155 162 158 144 135 141 149 145 133 123 123 125 128 126 121 115 112 111 123 118 126 134 127 125 143 162 99 103 125 159 179 177 173 175 191 153 107 79 74 93 126 154 160 191 214 208 190 181 176 172 112 126 155 181 179 159 151 158 158
166 175 178 181 185 189 195 189 190 191 177 155 147 154 160 77 51 78 90 119 161 171 172 140 113 95 93 123 160 172 171 176 182 186 190 198 208 216 217 228 222 200 192 201 198 183 157 167 172 166 162 164 165 163 145 134 128 133 137 132 127 127 123 126 129 129 124 118 114 113 125 118 134 134 118 138 153 122 55 93 131 151 161 167 161 150 127 111 84 65 73 106 139 156 172 197 212 199 180 168 155 142 132 154 170 163 147 142 149 158 165
161 172 178 182 187 192 205 189 178 172 152 138 161 199 150 63 42 69 64 77 122 142 144 122 102 81 70 97 138 156 165 169 173 175 178 187 202 213 210 226 226 206 197 201 192 172 156 171 174 163 160 170 172 163 141 132 128 128 122 114 116 125 124 127 131 131 126 121 117 115 131 116 132 130 121 161 150 56 45 78 108 132 164 181 145 90 70 73 66 60 81 125 157 165 195 197 191 180 177 171 141 106 176 180 157 119 117 156 188 194 199
154 152 182 181 171 197 191 184 166 148 149 167 175 169 119 42 46 63 51 58 62 61 60 75 81 80 74 69 90 129 171 140 159 177 184 193 188 201 206 221 224 213 208 207 188 162 164 163 162 159 159 161 165 168 149 130 122 132 132 121 123 137 128 131 134 132 124 118 118 121 135 111 124 128 135 140 94 53 62 73 102 136 154 144 111 81 94 46 33 66 100 133 167 186 196 200 181 176 177 136 123 172 198 153 109 119 159 175 182 202 210
150 163 183 175 171 197 190 163 153 160 165 174 175 163 102 41 50 60 41 40 28 13 17 29 48 68 80 87 97 107 114 146 176 152 147 173 177 186 198 215 222 214 208 205 191 172 165 164 162 159 157 156 158 159 150 135 127 130 128 121 122 130 133 131 131 131 125 116 112 114 124 125 160 160 141 123 73 38 50 100 109 126 159 118 75 110 79 35 43 102 140 155 177 197 188 164 179 179 127 117 160 183 132 132 137 164 193 196 200 224 217
155 179 184 175 176 191 191 151 156 186 192 195 195 176 133 70 52 32 15 35 37 28 25 17 24 41 59 87 103 94 102 120 117 91 127 170 159 163 185 206 221 217 206 199 188 176 166 164 162 158 155 152 150 148 148 141 132 126 124 123 122 121 135 129 128 131 127 118 115 120 144 146 171 144 99 81 60 55 57 68 104 125 114 114 117 102 42 11 43 124 168 172 182 199 180 167 168 140 101 128 173 167 132 151 170 191 209 207 211 233 206
159 175 173 176 179 169 165 142 159 184 182 192 199 177 156 116 105 84 74 88 61 29 35 21 21 25 34 65 85 74 95 79 71 97 162 167 122 141 168 193 217 220 206 189 178 172 165 163 160 158 156 152 147 143 143 142 134 123 121 125 124 117 132 130 129 129 123 120 129 142 156 142 142 97 52 52 55 68 62 43 80 102 93 138 147 64 44 29 66 136 176 188 196 200 178 192 139 90 125 158 140 123 174 190 195 199 208 201 188 191 211
153 155 157 177 177 150 160 169 186 182 170 190 204 186 194 168 158 135 133 142 97 56 16 20 26 27 26 37 49 49 68 92 139 187 213 157 91 124 146 173 206 219 205 182 170 171 164 161 158 157 156 154 149 144 137 137 131 122 122 127 126 119 128 135 134 120 110 118 138 154 132 104 99 68 48 58 51 48 38 55 65 94 144 149 97 49 43 44 68 104 136 171 188 179 171 151 101 98 145 141 98 89 164 197 212 209 208 193 168 157 179
150 149 159 177 174 157 169 196 195 167 163 183 193 187 196 179 171 148 157 171 137 115 57 62 46 30 31 27 38 70 111 158 214 229 224 179 116 120 133 157 193 214 203 178 168 174 164 159 154 153 155 154 149 144 134 130 126 124 125 125 124 123 126 143 138 110 99 121 143 149 113 70 56 41 48 73 56 36 18 33 88 157 177 136 81 53 26 32 46 58 87 141 172 161 143 69 80 138 122 79 75 80 134 187 214 203 194 189 182 182 159
146 154 167 156 148 168 160 181 154 128 152 164 158 169 136 153 181 181 189 183 137 121 127 122 72 50 72 63 72 134 188 198 219 209 213 214 166 135 141 156 185 206 196 171 163 174 166 159 151 148 150 150 145 141 137 125 121 128 128 121 119 126 125 149 141 105 104 141 157 141 102 50 29 19 40 75 58 33 26 54 141 199 171 132 97 48 42 38 40 44 60 103 133 128 94 55 86 125 83 40 53 71 119 174 199 185 180 182 172 162 141
135 153 164 124 111 163 173 180 135 123 175 180 159 183 144 161 182 169 165 157 127 136 141 139 88 83 134 120 112 179 206 190 205 204 211 224 189 156 156 164 185 202 190 163 157 170 167 158 148 144 146 146 141 136 140 123 119 131 131 117 115 126 123 151 142 106 116 164 173 141 80 34 24 23 46 75 48 15 41 152 186 166 175 145 72 40 58 37 27 22 18 31 47 45 53 103 101 71 62 42 30 55 104 157 183 180 186 174 123 75 30
150 166 124 119 153 160 157 172 122 131 148 170 211 154 129 166 192 173 147 158 170 157 130 169 142 136 163 157 157 168 193 202 208 208 212 216 208 196 181 186 192 190 175 160 161 171 158 156 153 151 149 146 141 137 135 124 120 126 128 122 117 118 134 152 112 115 150 170 185 156 102 53 11 14 40 54 52 47 105 151 185 186 180 159 94 22 49 37 43 50 44 54 77 87 129 118 82 42 36 54 54 35 49 78 136 153 108 67 40 9 0
119 103 93 122 151 144 151 174 123 100 148 167 163 170 144 165 183 180 162 151 155 163 171 191 168 174 196 187 188 189 196 206 212 210 210 212 208 200 203 202 201 191 172 156 158 168 154 152 149 147 146 144 139 136 135 126 122 126 126 120 119 123 130 134 102 121 159 174 188 169 153 82 23 18 31 36 49 70 137 159 177 186 200 200 155 98 60 54 66 84 99 125 147 147 119 86 58 49 41 29 32 47 34 29 35 35 15 1 2 2 62
128 90 100 135 135 109 147 139 124 100 128 151 139 165 154 162 172 181 170 139 138 171 181 172 151 176 194 186 192 185 198 205 208 206 205 207 206 203 216 212 204 190 169 153 155 166 150 147 144 143 142 141 137 134 133 129 127 126 123 119 122 129 132 112 92 132 170 177 189 186 177 93 25 18 28 34 64 108 140 156 173 188 205 213 197 174 147 137 136 137 142 158 156 130 98 67 51 57 48 26 27 48 34 22 5 2 2 0 11 45 119
150 100 109 124 104 89 146 98 120 134 99 119 157 142 149 160 166 168 156 127 133 178 192 157 134 170 189 187 204 197 198 197 196 198 203 208 207 204 212 207 201 189 170 154 154 163 148 145 142 140 140 140 138 135 132 132 131 127 122 121 127 135 139 96 90 143 178 180 191 200 173 94 24 12 29 49 84 121 121 150 182 197 196 194 202 211 186 181 176 164 158 167 153 115 71 60 49 44 44 43 41 39 28 25 9 9 20 14 37 98 148
123 69 82 90 76 87 141 114 111 142 94 83 157 135 131 153 162 148 126 118 142 178 191 147 117 151 174 178 203 204 198 188 183 191 205 213 211 206 205 204 203 196 179 160 153 156 150 146 142 140 140 140 139 137 132 134 133 128 123 125 132 137 134 83 96 152 180 187 196 208 175 106 31 4 26 65 96 112 125 152 183 197 192 190 203 220 189 189 188 173 159 163 151 117 71 49 29 28 42 57 63 63 64 42 7 10 40 54 85 144 164
92 47 66 72 56 64 116 154 104 114 106 61 112 139 110 126 145 126 91 104 144 159 158 130 97 125 155 159 183 193 190 179 175 186 202 209 209 207 205 206 210 207 189 165 150 147 153 148 143 140 140 140 139 137 132 135 134 128 127 132 136 136 118 75 111 160 178 194 196 199 161 101 29 1 32 84 116 123 142 150 162 175 189 200 207 209 196 194 193 179 159 158 152 130 112 64 35 52 77 87 104 129 120 78 41 56 104 132 147 167 157
103 55 56 58 41 37 71 127 107 101 98 54 66 111 89 81 108 103 61 82 128 121 118 121 95 121 162 164 179 197 172 167 169 179 187 189 193 201 201 204 210 209 192 166 147 141 154 149 143 139 138 138 137 135 132 135 134 129 131 139 139 133 102 77 134 169 173 194 184 169 123 71 21 18 53 95 125 139 135 145 154 164 182 200 202 192 182 172 174 176 169 173 180 171 153 121 101 114 134 145 157 172 133 98 84 108 141 168 173 159 142
125 55 25 30 34 35 34 59 115 115 75 54 50 68 75 43 75 88 42 61 107 88 68 96 80 108 160 160 167 190 155 156 164 172 170 167 177 192 194 197 203 205 190 165 146 139 154 149 142 138 136 136 135 133 133 135 133 129 135 143 141 131 96 83 153 177 168 189 168 138 96 49 21 41 74 93 112 133 117 146 170 175 180 192 194 185 197 176 172 175 169 170 175 171 163 174 172 161 172 194 191 168 140 117 121 132 136 162 185 174 144
118 52 26 0 29 38 26 33 54 77 75 52 36 34 34 33 36 49 68 71 47 19 12 27 79 103 94 126 152 122 139 130 164 140 173 172 165 185 196 197 196 192 183 168 152 142 146 144 140 137 135 136 138 139 133 138 135 128 132 143 141 130 91 117 149 169 175 165 143 123 67 9 34 96 92 84 115 134 121 140 160 171 182 195 199 196 179 179 171 163 171 189 195 188 188 184 184 180 180 196 196 170 136 146 144 133 142 166 175 166 146
104 55 28 16 33 41 49 43 41 46 49 45 41 41 45 36 26 28 41 46 30 7 25 25 56 68 54 81 110 92 168 128 134 142 177 174 159 190 186 189 191 188 178 164 152 145 145 143 139 136 134 135 136 137 138 139 135 130 137 142 126 103 80 127 169 181 181 173 140 102 43 21 59 103 94 98 124 126 113 132 151 161 170 181 185 182 182 177 165 158 169 190 199 196 196 193 196 193 189 198 192 164 142 148 147 142 149 165 170 164 151
93 64 31 38 43 50 53 43 30 26 37 55 62 60 64 54 41 36 46 60 60 52 53 41 57 68 57 77 106 102 103 120 125 119 135 177 176 195 172 178 182 180 170 159 152 149 144 142 138 135 134 133 134 135 139 139 135 135 146 146 117 82 92 147 183 174 157 142 101 51 36 47 87 107 97 117 145 137 111 128 147 158 164 171 175 175 180 170 157 152 163 182 196 199 200 198 205 204 198 201 190 162 153 153 153 155 159 162 161 159 133
99 79 37 58 57 67 51 53 46 39 48 68 73 65 96 92 78 59 50 53 58 59 72 56 65 77 72 83 104 107 61 92 84 92 102 158 157 170 161 167 173 171 163 155 152 152 143 141 138 135 133 132 132 132 134 137 137 141 151 149 116 78 116 157 179 159 127 101 67 34 53 66 92 98 95 125 156 155 115 131 150 163 168 172 177 180 169 163 155 152 155 165 182 196 197 195 202 204 196 197 188 163 165 160 161 168 169 160 153 152 123
117 95 52 74 75 84 68 77 76 65 62 70 70 61 88 97 97 80 62 59 67 74 93 77 71 75 74 82 96 104 130 77 22 78 107 114 99 130 157 162 166 165 159 154 152 153 143 141 139 136 134 132 131 131 129 135 138 141 147 141 109 73 122 147 169 161 128 93 75 71 72 73 84 96 105 126 150 158 113 128 149 164 169 171 177 184 162 161 164 163 155 151 168 191 197 191 195 195 185 184 179 159 170 166 169 176 175 162 150 146 137
133 105 78 93 96 93 81 87 88 82 78 82 85 85 74 88 95 82 65 60 66 72 84 72 56 50 62 81 98 110 156 108 44 67 84 78 95 131 162 162 162 161 159 156 153 151 143 143 141 138 136 133 131 130 129 135 137 137 139 129 92 53 111 134 162 164 130 90 81 92 87 85 92 112 131 138 143 152 107 122 143 160 163 162 169 180 165 164 171 175 162 149 162 188 199 189 190 188 174 170 165 150 165 168 173 177 176 169 156 146 130
137 106 108 115 116 92 89 86 90 100 106 108 111 116 106 109 102 84 66 57 51 46 69 71 55 47 69 97 111 117 116 132 98 68 67 66 129 160 171 166 161 160 162 160 153 147 145 144 143 141 138 135 132 130 132 133 132 135 142 129 82 33 94 126 152 142 105 77 76 87 91 100 106 118 138 144 140 142 111 123 145 162 163 158 165 178 173 163 165 175 168 153 161 185 196 185 187 187 172 164 160 147 152 165 173 173 176 179 168 152 103
134 103 129 130 128 88 105 95 100 120 132 126 120 121 128 126 119 114 120 129 130 124 112 126 115 104 127 151 151 146 111 114 96 86 97 64 133 174 178 170 161 160 164 162 154 145 146 145 144 142 139 135 132 131 134 131 129 137 150 137 82 24 77 118 140 115 80 72 83 91 84 105 106 103 121 134 132 131 120 132 153 169 168 161 167 181 177 158 154 168 169 156 160 181 188 179 185 188 175 167 162 150 142 161 172 169 175 186 178 158 93
138 127 130 128 133 119 107 130 152 153 139 133 145 161 149 139 131 136 149 158 156 150 142 149 155 154 149 147 150 155 149 109 101 84 55 101 169 172 175 171 165 160 157 154 150 146 146 146 144 142 138 135 131 130 138 127 121 140 143 140 116 35 79 121 127 94 71 67 72 83 82 92 109 111 107 123 135 123 114 139 162 165 161 164 173 181 181 167 161 167 166 158 162 176 181 180 180 178 172 160 148 141 141 156 176 173 191 194 150 134 112
132 124 129 130 138 127 127 135 144 148 149 150 155 160 161 154 149 153 162 168 166 162 160 159 159 160 162 166 169 170 153 112 75 70 98 142 174 183 170 166 161 159 158 157 154 152 146 146 144 142 139 135 132 130 130 130 127 140 139 140 117 34 70 106 107 76 61 62 69 81 96 98 111 116 109 118 125 116 121 144 165 167 161 161 167 171 176 177 173 165 161 165 170 173 186 187 181 173 171 169 155 137 134 152 180 183 193 186 142 134 163
127 121 128 130 141 133 145 139 138 148 164 174 174 170 162 161 161 163 166 168 166 164 173 166 158 159 165 171 171 169 173 128 69 81 151 182 173 180 169 165 161 159 158 157 155 152 147 146 145 142 139 135 132 130 122 132 133 139 135 142 121 32 55 83 80 55 50 57 65 77 98 91 104 118 115 117 125 121 123 145 164 166 160 159 162 163 172 186 184 164 156 168 176 171 189 188 178 167 169 173 158 136 139 152 183 191 199 187 151 159 187
121 120 129 129 139 133 146 143 145 158 176 189 191 189 188 191 195 196 194 192 191 190 206 199 192 190 191 192 188 184 166 120 88 120 177 193 176 167 174 169 164 160 157 155 151 148 147 147 145 143 140 136 133 131 120 133 133 135 134 148 126 31 40 61 58 42 47 57 62 70 73 64 82 107 110 113 125 129 117 138 157 163 161 161 161 159 172 183 183 167 156 161 171 174 188 178 170 170 170 164 156 150 150 150 171 184 199 193 166 184 162
107 115 128 127 139 135 140 149 161 171 179 186 193 199 198 203 209 210 207 204 203 203 209 210 211 209 204 197 190 186 131 94 119 167 175 183 187 163 173 169 163 159 157 155 152 149 148 147 146 143 140 136 133 131 124 133 128 130 135 154 133 38 28 47 47 40 51 58 57 61 55 49 70 95 97 100 115 123 115 134 153 160 161 161 158 153 173 170 170 169 159 150 160 177 187 170 168 180 175 155 154 171 159 147 157 170 195 193 161 170 129
86 100 118 120 136 137 137 151 167 173 172 175 185 195 190 194 199 201 200 199 198 198 191 196 202 203 197 187 177 171 129 113 165 205 175 173 189 163 167 164 160 158 159 158 157 155 148 148 146 144 141 137 134 132 128 132 125 130 133 151 139 56 22 40 42 40 52 55 49 51 65 67 88 102 94 96 111 117 119 136 154 162 165 163 156 147 171 160 159 165 158 145 154 175 184 172 174 185 177 157 158 178 172 155 154 158 183 182 138 131 102
67 80 99 103 123 130 134 141 150 157 164 172 181 188 198 199 202 205 209 210 209 208 201 201 203 206 204 194 179 166 147 157 191 205 182 173 177 167 166 163 160 158 159 159 157 155 149 148 147 144 141 137 134 132 129 131 127 134 129 141 143 80 19 36 38 37 47 46 39 43 67 80 103 105 88 93 111 113 119 136 154 165 171 171 163 152 163 159 156 154 152 152 158 166 176 179 179 174 168 165 162 161 180 158 140 123 142 149 107 93 77
58 67 83 87 109 119 129 126 128 140 159 176 184 186 189 188 189 194 200 204 203 201 202 195 190 192 194 184 163 145 142 173 180 177 186 179 168 177 171 167 162 159 158 156 153 150 149 148 147 145 141 138 134 132 128 131 131 138 125 131 144 98 19 34 35 32 40 38 32 38 47 70 97 93 74 85 106 107 115 133 153 168 177 180 172 161 156 163 159 145 146 160 165 158 167 184 180 158 156 171 163 137 175 148 113 76 90 108 79 71 63
54 56 64 78 92 101 110 125 132 128 133 155 172 177 179 176 181 193 196 191 190 195 188 200 199 197 196 176 150 144 161 149 160 182 187 186 181 170 177 163 157 162 161 151 149 157 152 150 146 143 139 136 135 134 127 131 130 129 136 143 137 123 37 17 37 40 35 44 38 42 57 67 82 92 93 91 94 100 117 143 149 151 175 190 178 165 166 162 154 146 142 147 157 166 170 182 184 172 166 164 151 131 137 114 93 65 57 93 93 38 50
48 51 58 67 75 80 101 110 119 123 130 141 148 149 168 167 172 179 177 170 171 177 189 193 192 194 185 151 133 148 192 167 145 150 172 182 177 171 172 165 161 163 162 156 153 153 151 149 147 145 142 139 136 135 130 133 132 132 138 144 139 127 47 21 34 35 31 39 33 39 50 60 74 87 93 94 95 97 122 142 146 149 170 182 176 174 158 161 162 157 150 151 161 172 179 177 175 175 168 155 143 137 116 101 88 64 50 72 73 33 29
48 53 57 60 63 64 82 83 91 105 117 125 136 145 149 153 161 165 160 153 155 163 184 186 189 193 173 126 116 149 203 177 125 113 156 178 168 168 163 165 163 159 159 160 155 147 147 148 148 147 144 141 137 135 133 134 134 135 140 145 141 133 65 27 32 34 31 37 31 39 43 52 67 82 95 100 97 93 126 141 144 149 165 170 171 183 153 162 170 168 160 158 167 176 181 169 170 180 171 142 122 120 102 93 87 69 48 52 52 32 33
44 48 51 54 55 55 69 62 64 76 84 91 112 136 140 149 159 159 147 137 135 140 164 177 182 173 147 109 108 142 180 172 116 92 141 167 156 161 156 163 161 152 153 161 157 145 144 145 146 147 145 141 137 134 134 134 134 137 141 144 141 137 81 32 31 36 37 41 31 39 43 52 65 81 97 106 99 89 126 139 145 154 166 162 165 184 159 164 169 169 167 166 171 175 171 167 171 178 166 133 102 87 98 91 84 71 54 46 44 39 33
31 34 37 42 46 48 59 53 53 56 52 50 68 94 123 136 146 142 128 116 110 109 131 153 147 117 96 89 102 128 156 172 127 86 115 142 145 162 157 163 160 151 152 162 161 151 142 143 145 145 143 139 135 132 134 132 133 137 140 141 141 141 92 32 25 35 41 42 30 38 49 59 70 83 100 110 102 87 123 140 152 162 171 161 158 175 171 166 162 163 169 174 173 171 165 171 169 159 147 131 101 73 82 77 65 57 55 48 43 46 38
26 27 31 37 43 46 39 42 48 50 45 41 49 61 72 86 98 99 95 94 94 92 90 107 91 58 53 70 90 110 147 178 147 86 78 106 136 163 160 162 161 158 161 165 163 157 145 146 146 145 142 139 135 133 135 132 133 139 141 140 141 145 106 33 17 30 40 40 27 37 55 66 77 85 100 113 107 91 120 144 160 168 175 166 155 161 178 167 158 160 171 179 177 171 169 172 159 136 126 124 106 79 52 55 42 36 47 47 38 44 40
25 27 30 34 38 40 27 31 32 32 36 43 43 39 31 41 48 47 51 61 67 66 48 57 49 43 58 70 77 89 130 171 161 90 47 75 124 150 154 152 157 166 169 163 157 155 152 151 149 146 143 140 138 137 138 134 135 142 143 140 143 151 130 44 17 28 38 39 29 43 55 70 81 86 99 114 111 98 121 152 166 168 176 172 156 149 174 167 161 164 174 181 181 177 172 162 145 130 119 107 88 71 32 51 41 29 43 43 29 33 27
